centroides = [[array([-2.7002943e-01,  2.1045699e+00,  1.3802489e+00, -6.5252560e-01,
        2.3806901e+00,  4.1620639e-01, -4.5570496e-01, -3.0264444e+00,
        5.7184110e+00,  9.3498372e-04,  6.4167702e-01,  6.4167702e-01,
        2.9035237e-01,  1.4705302e-01,  7.1109354e-01,  2.8686486e-02,
        9.9343538e-02,  1.9101016e-01,  4.5629076e-04,  3.4664810e-04,
        6.4167702e-01,  2.7625747e-03,  6.2979259e-02], dtype=float32), array([-7.74818718e-01,  2.32063484e+00,  1.05187476e+00,  1.87084645e-01,
        7.43206978e-01,  1.48050487e+00, -2.07723737e+00, -1.12581968e+00,
        1.91602051e+00,  1.37468928e-03,  2.00998500e-01,  2.00998500e-01,
        1.99436218e-01,  3.00743580e-01,  3.42640489e-01,  2.90109694e-01,
        1.08873226e-01,  9.05637294e-02,  1.83432526e-03,  1.47573638e-03,
        2.00998500e-01,  3.15665230e-02,  5.58509350e-01], dtype=float32), array([-7.3838347e-01,  2.0913014e+00,  1.0796876e+00,  4.5965287e-01,
       -5.9259277e-02,  2.1604197e+00, -3.5657461e+00,  2.5984356e-01,
        2.9475445e-01,  1.2335628e-03,  4.0037744e-03,  4.0037744e-03,
        8.8671697e-03,  4.1308910e-01,  1.9218851e-02,  5.3510338e-01,
        7.0129586e-03,  1.8541990e-03,  2.1793453e-03,  7.6122268e-04,
        4.0037744e-03,  7.9761147e-02,  8.9130020e-01], dtype=float32), array([-7.7489406e-01,  2.3232703e+00,  1.4431735e+00, -1.4529377e-02,
        1.4339881e-01,  1.4995147e-01, -1.8039995e+00,  3.0230200e-01,
       -9.6949838e-02,  1.0481543e-02,  2.9928281e-04,  2.9928281e-04,
        6.9624401e-04,  8.4832042e-02,  1.7450001e-02,  8.7466693e-01,
        5.5133650e-04,  1.4490756e-04,  3.0215772e-02,  4.2572580e-03,
        2.9928281e-04,  6.4255095e-01,  1.7916226e-01], dtype=float32), array([-7.1679759e-01,  1.8456604e+00,  1.0520695e+00,  9.0321466e-02,
        1.6772576e-01, -7.0328403e-01, -1.0452939e+00,  3.0555272e-01,
       -6.5272771e-02,  4.5164745e-02,  3.4599332e-05,  3.4599332e-05,
        5.0841609e-05,  1.4876382e-02,  6.6566758e-02,  8.9080495e-01,
        3.1736505e-05,  1.9104838e-05,  2.0482071e-01,  1.6340366e-02,
        3.4599332e-05,  1.6703789e-01,  6.9427975e-02], dtype=float32), array([-1.7357157e-01,  7.1993911e-01,  5.1239461e-01, -3.0034708e-02,
        2.9692004e-02, -2.2648184e+00, -5.0705940e-01,  3.0584753e-01,
       -1.8033588e-01,  4.3797854e-02,  1.7172090e-06,  1.7172090e-06,
        1.7282101e-06,  9.4615221e-03,  3.6928189e-01,  2.3403955e-01,
        8.4566904e-07,  8.8253699e-07,  7.2445534e-02,  1.1827846e-02,
        1.7172090e-06,  3.0097231e-02,  7.2412914e-01], dtype=float32), array([-1.3089525e-02,  3.5351560e-01,  3.2908666e-01, -9.7896203e-02,
        1.8864937e-01, -2.8420854e+00, -3.4199837e-01,  3.0585930e-01,
       -1.7887633e-01,  5.6785634e-03,  1.0573298e-08,  1.0573298e-08,
        1.5668932e-09,  5.6297274e-04,  4.8359379e-01,  1.5321870e-03,
        7.4208456e-10,  8.2480395e-10,  5.7991710e-04,  1.2162249e-04,
        1.0573298e-08,  9.6518069e-04,  9.9723679e-01], dtype=float32), array([ 3.0340570e-01,  3.6557886e-01,  6.0497320e-01, -1.0836217e+00,
       -1.8804297e-01, -1.7736723e+00, -3.7662336e-01,  3.0519167e-01,
       -2.3103250e-02,  4.8987836e-01,  1.8629855e-04,  1.8629855e-04,
        6.3691390e-09,  1.0719347e-02,  7.1564442e-01,  3.7725395e-04,
        6.2501155e-09,  1.1900310e-10,  1.8630073e-04,  6.0596001e-05,
        1.8629855e-04,  2.6567264e-03,  9.9664086e-01], dtype=float32), array([ 6.9633740e-01,  3.9152873e-01,  1.0122989e+00, -2.1938307e+00,
       -5.1410019e-01, -6.7037141e-01, -4.1149139e-01,  2.8031260e-01,
        1.7478566e-01,  9.8934257e-01,  7.1455613e-03,  7.1455613e-03,
        4.2973836e-10,  2.6845625e-02,  9.7126609e-01,  5.8346330e-07,
        4.2970916e-10,  2.8907391e-14,  3.3053053e-07,  1.2015217e-07,
        7.1455613e-03,  1.1575756e-04,  9.9273914e-01], dtype=float32), array([ 1.1649241e-01,  3.7956148e-01,  3.6967382e-02, -2.8987288e+00,
       -4.5072889e-01, -4.3003827e-01, -3.6772513e-01,  3.0535507e-01,
        9.4126910e-04,  9.9947947e-01,  1.4101375e-04,  1.4101375e-04,
        2.2110258e-09,  4.4659334e-01,  5.5320162e-01,  4.3785736e-08,
        2.2110258e-09,  6.8858855e-16,  2.8047676e-08,  1.1722519e-08,
        1.4101375e-04,  3.0300414e-04,  9.9955577e-01], dtype=float32)], [array([-4.9384356e-01,  2.7157393e+00,  7.9583836e-01,  1.9415842e+00,
        1.2025336e+00, -2.4606226e-02, -3.4954897e-01, -3.0957510e+00,
        1.7712114e+00,  5.7597342e-03,  1.3647681e-01,  1.3647681e-01,
        8.1493795e-01,  4.9031768e-02,  6.5730304e-01,  1.0985665e-02,
        2.1909395e-01,  5.9584498e-01,  2.1071192e-03,  1.0239489e-03,
        1.3647681e-01,  3.1235947e-03,  3.6199912e-02], dtype=float32), array([-1.360599  ,  2.9178045 ,  0.54351246,  0.775299  ,  0.6556937 ,
        1.084386  , -0.5027188 , -2.0214555 ,  0.82945204,  0.00519083,
        0.07995069,  0.07995069,  0.5709874 ,  0.1788739 ,  0.65166074,
        0.09353605,  0.36122116,  0.20976728,  0.00786814,  0.00676083,
        0.07995069,  0.01262198,  0.3076303 ], dtype=float32), array([-0.82055336,  2.2033737 ,  1.1358966 ,  0.3255493 , -0.0366745 ,
        1.2199409 , -1.5441927 , -0.03836088,  0.24956097,  0.03123534,
        0.01302519,  0.01302519,  0.08325201,  0.37289932,  0.29755843,
        0.30887964,  0.06500053,  0.01825234,  0.03208309,  0.02323202,
        0.01302519,  0.08976127,  0.7286105 ], dtype=float32), array([-3.2267568e-01,  1.6110374e+00,  1.2207127e+00,  1.8282431e-01,
       -3.2223603e-01,  9.0614393e-02, -1.1714809e+00,  2.8898111e-01,
       -8.8559218e-02,  2.7724269e-01,  8.6142245e-04,  8.6142245e-04,
        3.8596408e-03,  1.4268050e-01,  3.7128481e-01,  4.7438660e-01,
        3.0990911e-03,  7.6054299e-04,  2.1358313e-01,  1.1033694e-01,
        8.6142245e-04,  2.3447300e-01,  2.7848691e-01], dtype=float32), array([ 2.6007876e-01,  8.9487851e-01,  1.1050739e+00,  2.9017022e-01,
       -5.0478274e-01, -6.7021620e-01, -6.4275873e-01,  3.0548519e-01,
       -1.9310620e-01,  6.6268569e-01,  3.0050591e-05,  3.0050591e-05,
        7.4000556e-05,  2.0355174e-02,  6.8068045e-01,  2.8465948e-01,
        5.5115477e-05,  1.8884701e-05,  4.8420078e-01,  2.2509341e-01,
        3.0050591e-05,  8.5603051e-02,  4.7563236e-02], dtype=float32), array([ 2.3880403e-01,  5.5513352e-01,  7.3405409e-01,  1.3398218e-01,
       -3.6181745e-01, -1.5855380e+00, -5.1787400e-01,  3.0583677e-01,
       -2.2589575e-01,  4.7977823e-01,  2.6608245e-06,  2.6608245e-06,
        3.1605300e-06,  4.6834789e-02,  6.1534500e-01,  1.2794320e-01,
        1.5669134e-06,  1.5936018e-06,  2.8112584e-01,  1.4857368e-01,
        2.6608245e-06,  9.1783509e-02,  3.9257628e-01], dtype=float32), array([ 3.8172178e-02,  3.1329972e-01,  3.3114982e-01, -1.3051625e-01,
       -2.7634141e-01, -2.5708940e+00, -4.1698879e-01,  3.0585730e-01,
       -2.7380240e-01,  1.3914880e-01,  5.6051007e-08,  5.6051007e-08,
        1.9275356e-07,  1.9727271e-02,  4.8615363e-01,  8.4623452e-03,
        1.6270012e-07,  3.0051272e-08,  1.9769320e-02,  1.1374999e-02,
        5.6051007e-08,  7.7176645e-02,  8.8559568e-01], dtype=float32), array([ 1.5286507e-01,  2.7230304e-01,  2.3847745e-01, -1.1448883e+00,
       -1.0609449e-01, -1.3444618e+00, -4.5991269e-01,  3.0582643e-01,
       -1.4457036e-02,  6.6477889e-01,  7.7451396e-06,  7.7451396e-06,
        8.3932485e-07,  3.8931776e-02,  7.7956969e-01,  6.3991715e-04,
        8.3878922e-07,  5.3327515e-10,  1.5272322e-03,  9.3170651e-04,
        7.7451396e-06,  8.4178567e-02,  9.1266817e-01], dtype=float32), array([ 7.95572922e-02,  3.35108906e-01, -3.17137726e-02, -1.80402219e+00,
       -1.16146743e-01, -4.65708077e-01, -4.11524236e-01,  3.05351466e-01,
        8.40344578e-02,  9.94580984e-01,  1.41827564e-04,  1.41827564e-04,
        9.93975249e-08,  7.18477964e-02,  9.25332189e-01,  1.42625436e-06,
        9.93974965e-08,  1.03925345e-13,  3.52187931e-06,  2.13555859e-06,
        1.41827564e-04,  1.07568046e-02,  9.89087939e-01], dtype=float32), array([-1.4177456e-01,  2.1657693e-01, -3.5647625e-01, -1.9940879e+00,
       -6.8209493e-01, -4.6756133e-01, -4.9463308e-01,  3.0583662e-01,
       -1.4348997e-01,  9.9971354e-01,  6.3541365e-06,  6.3541365e-06,
        1.9006272e-07,  4.5216194e-01,  5.4769331e-01,  4.6275964e-08,
        1.9006272e-07,  6.8410939e-16,  7.9644195e-08,  5.0636626e-08,
        6.3541365e-06,  1.0125671e-02,  9.8986483e-01], dtype=float32)], [array([ 9.9823512e-02,  7.8334969e-01,  6.5757561e-01,  3.2348189e+00,
        8.7738162e-01,  3.4009522e-01,  5.2885932e-01, -2.9837537e+00,
        8.1970990e-01,  1.8748261e-02,  7.9388358e-03,  7.9388358e-03,
        9.1215247e-01,  3.7385605e-02,  9.1961873e-01,  8.4006516e-03,
        8.0197632e-02,  8.3195370e-01,  8.4844520e-03,  2.2063551e-03,
        7.9388358e-03,  2.2532253e-02,  2.0015270e-02], dtype=float32), array([-0.27212766,  1.4039042 ,  0.87785095,  1.1949041 ,  0.5478302 ,
        0.5281438 ,  0.32336697, -1.3348278 ,  0.38519335,  0.01541384,
        0.0127538 ,  0.0127538 ,  0.44614047,  0.266209  ,  0.66516083,
        0.0449581 ,  0.16851059,  0.27763292,  0.05560711,  0.03661445,
        0.0127538 ,  0.02178678,  0.29874885], dtype=float32), array([-0.60930014,  2.144807  ,  1.481328  ,  0.16972467, -0.07218224,
        0.50559515,  0.39400288,  0.18689787,  0.20112607,  0.05205742,
        0.00236585,  0.00236585,  0.0309077 ,  0.33199504,  0.64025134,
        0.02560867,  0.01699069,  0.01391684,  0.07482717,  0.08417744,
        0.00236585,  0.00736744,  0.7608911 ], dtype=float32), array([ 3.35308850e-01,  8.72679770e-01,  1.18304396e+00,  2.85331398e-01,
       -5.32125354e-01, -3.01464945e-01, -2.20015958e-01,  3.00020218e-01,
       -1.23473674e-01,  6.49928987e-01,  2.13601568e-04,  2.13601568e-04,
        1.42002967e-03,  1.01405293e-01,  8.69164407e-01,  2.87703257e-02,
        9.49985639e-04,  4.70040250e-04,  4.68410879e-01,  2.88863808e-01,
        2.13601568e-04,  1.13670714e-02,  2.11785197e-01], dtype=float32), array([ 7.6237327e-01,  3.9184469e-01,  1.1226739e+00,  4.3791252e-01,
       -7.3031116e-01, -6.9578540e-01, -4.1806582e-01,  3.0585095e-01,
       -2.0527741e-01,  9.9375075e-01,  5.2476230e-07,  5.2476230e-07,
        1.9840966e-06,  1.9240135e-03,  9.9621654e-01,  1.7718364e-03,
        1.5149079e-06,  4.6920013e-07,  8.0995172e-01,  1.8619733e-01,
        5.2476230e-07,  1.2564942e-03,  1.4766563e-03], dtype=float32), array([ 6.8665081e-01,  3.1432691e-01,  9.8303539e-01,  3.2069209e-01,
       -6.5140945e-01, -7.9351968e-01, -5.0703490e-01,  3.0585280e-01,
       -2.4115148e-01,  9.6641898e-01,  5.3714251e-07,  5.3714251e-07,
        9.3253334e-07,  2.0285932e-02,  9.6010143e-01,  7.4853436e-03,
        4.5473806e-07,  4.7780281e-07,  4.3022907e-01,  4.3232900e-01,
        5.3714251e-07,  1.0807582e-01,  2.4274349e-02], dtype=float32), array([ 2.46972203e-01, -2.66811311e-01,  7.10481778e-02, -6.95663095e-02,
       -4.64577340e-02, -1.22412086e+00, -1.00423646e+00,  3.05820972e-01,
       -2.79726565e-01,  8.64204109e-01,  1.07375776e-07,  1.07375776e-07,
        1.03089724e-05,  8.78532901e-02,  8.45617414e-01,  3.69832455e-03,
        1.02218710e-05,  8.70843166e-08,  8.30625370e-02,  6.31496310e-02,
        1.07375776e-07,  6.95281088e-01,  1.52141273e-01], dtype=float32), array([-1.4488183e-01, -5.3079659e-01, -5.8776212e-01, -4.7743130e-01,
        3.2944983e-01, -9.8666430e-01, -1.1153157e+00,  3.0573666e-01,
       -7.4582599e-02,  9.3576491e-01,  1.7334412e-09,  1.7334412e-09,
        3.3968932e-05,  1.2214600e-01,  8.5226715e-01,  2.0091928e-04,
        3.3968379e-05,  5.6676169e-10,  3.7586244e-03,  2.8346328e-03,
        1.7334412e-09,  7.3067439e-01,  2.5922579e-01], dtype=float32), array([-4.94502336e-01, -4.95747179e-01, -9.86523211e-01, -1.04796696e+00,
       -9.71820727e-02, -7.87802398e-01, -1.05704474e+00,  3.05765748e-01,
       -1.04956284e-01,  9.94938791e-01,  1.48244821e-08,  1.48244821e-08,
        2.61814330e-05,  2.78652608e-01,  7.19918549e-01,  3.32328523e-06,
        2.61814330e-05,  3.44151086e-13,  2.71774261e-05,  2.00053146e-05,
        1.48244821e-08,  4.48357016e-01,  5.51161766e-01], dtype=float32), array([-1.1403576e+00, -7.5590664e-01, -1.7317585e+00, -1.4969087e+00,
       -4.4552025e-01, -8.8475245e-01, -1.2572536e+00,  3.0578792e-01,
       -2.0435150e-01,  9.9968964e-01,  4.8796178e-10,  4.8796178e-10,
        2.0112067e-05,  5.3777963e-01,  4.6218014e-01,  1.3876362e-06,
        2.0112067e-05,  1.3193675e-15,  2.1522176e-07,  1.6499808e-07,
        4.8796178e-10,  1.4627083e-01,  8.5366821e-01], dtype=float32)], [array([ 4.3888411e-01,  3.0131799e-01,  6.3628674e-01,  9.0093571e-01,
        6.5153533e-01,  5.3389180e-01,  9.1892517e-01, -6.5668195e-01,
        8.7337129e-02,  1.1541515e-02,  7.8365672e-04,  7.8365672e-04,
        2.6843750e-01,  1.5679352e-01,  8.0525422e-01,  3.3942681e-02,
        3.3599883e-02,  2.3483403e-01,  3.6881618e-02,  6.3199117e-03,
        7.8365672e-04,  4.9919611e-01,  6.1419994e-02], dtype=float32), array([2.69271255e-01, 5.78387320e-01, 7.99551427e-01, 3.44462246e-01,
       7.07182705e-01, 5.67907572e-01, 4.05796915e-01, 1.00939535e-01,
       1.89900860e-01, 2.98865810e-02, 4.41678014e-04, 4.41678014e-04,
       5.68747409e-02, 5.61531603e-01, 3.29477668e-01, 1.07966982e-01,
       1.01553546e-02, 4.67183068e-02, 1.32705703e-01, 4.82088663e-02,
       4.41678014e-04, 9.97535065e-02, 2.36452043e-01], dtype=float32), array([-8.0556124e-03,  1.0194896e+00,  9.5951068e-01, -2.2896361e-02,
        2.1118297e-01,  3.2565644e-01,  1.8463460e-01,  2.8088033e-01,
       -4.6599656e-02,  1.2646781e-01,  2.0667841e-04,  2.0667841e-04,
        6.7796656e-03,  1.5329558e-01,  8.2527339e-01,  2.1245167e-02,
        1.6315016e-03,  5.1481631e-03,  1.8825689e-01,  3.1324819e-01,
        2.0667841e-04,  1.0915987e-02,  3.2137573e-01], dtype=float32), array([ 5.32267392e-01,  6.10610425e-01,  1.09080291e+00,  2.40293875e-01,
       -3.24149849e-03, -4.05488253e-01, -2.37745970e-01,  3.04554015e-01,
       -1.86765492e-02,  7.57902920e-01,  2.89763357e-05,  2.89763357e-05,
        3.35460296e-04,  4.69813757e-02,  9.50367033e-01,  2.61305622e-03,
        1.14516944e-04,  2.20947506e-04,  3.78253132e-01,  4.71252412e-01,
        2.89763357e-05,  1.04099663e-03,  1.03304297e-01], dtype=float32), array([ 7.67165124e-01,  3.86442304e-01,  1.12225676e+00,  3.34128648e-01,
       -1.21633805e-01, -6.97463512e-01, -4.17991191e-01,  3.05857301e-01,
       -6.26773685e-02,  9.97519135e-01,  7.85220209e-08,  7.85220209e-08,
        3.94535363e-07,  1.27084516e-02,  9.87232924e-01,  4.62532626e-05,
        2.02894242e-07,  1.91641732e-07,  2.18333483e-01,  7.79617727e-01,
        7.85220209e-08,  1.01145334e-03,  7.07000087e-04], dtype=float32), array([ 6.6098404e-01,  2.0173903e-01,  8.8371706e-01,  2.8248385e-01,
        8.4245086e-02, -7.6591998e-01, -5.7669610e-01,  3.0585542e-01,
       -6.3018642e-02,  9.9132764e-01,  9.2949030e-08,  9.2949030e-08,
        9.7428187e-07,  1.1356417e-02,  9.8670924e-01,  3.2617993e-04,
        8.1858798e-07,  1.5568948e-07,  3.9185166e-01,  4.1697335e-01,
        9.2949030e-08,  1.8351994e-01,  4.6032690e-03], dtype=float32), array([ 1.5747246e-01, -5.8063602e-01, -1.9195709e-01, -7.4052326e-02,
        7.6060784e-01, -1.0096325e+00, -1.2123150e+00,  3.0572724e-01,
       -1.9575024e-01,  9.6153402e-01,  7.4246098e-09,  7.4246098e-09,
        3.7268732e-05,  2.9190419e-02,  9.6651536e-01,  1.0660634e-04,
        3.7259815e-05,  8.9292076e-09,  3.3513121e-02,  3.1418022e-02,
        7.4246098e-09,  8.9495265e-01,  2.9222064e-02], dtype=float32), array([-3.07606161e-01, -8.77806365e-01, -9.52005982e-01, -2.05362901e-01,
        7.56909013e-01, -9.63907063e-01, -1.35300004e+00,  3.05518806e-01,
        7.20626563e-02,  9.78493989e-01,  2.09473567e-11,  2.09473567e-11,
        9.56781878e-05,  1.64255530e-01,  8.34422171e-01,  9.37149252e-06,
        9.56781223e-05,  1.40793184e-11,  5.86673385e-04,  5.37462707e-04,
        2.09473567e-11,  9.70687687e-01,  2.25215424e-02], dtype=float32), array([-4.1740885e-01, -9.0579879e-01, -1.0855075e+00, -2.8187466e-01,
        1.2626459e-02, -9.5284849e-01, -1.3710277e+00,  3.0395943e-01,
       -2.0261033e-01,  9.9286151e-01,  6.5971785e-14,  6.5971785e-14,
        5.3184142e-04,  2.3317181e-01,  7.6647907e-01,  3.5678200e-05,
        5.3184142e-04,  2.5978135e-14,  7.7785598e-06,  7.3181895e-06,
        6.5971785e-14,  9.5291889e-01,  4.4825926e-02], dtype=float32), array([-5.2069134e-01, -8.9141482e-01, -1.1719848e+00, -4.4979227e-01,
       -7.6317942e-01, -9.5230383e-01, -1.3666073e+00,  2.9878736e-01,
       -3.4735495e-01,  9.9676985e-01,  4.5022961e-15,  4.5022961e-15,
        1.9780847e-03,  3.3420587e-01,  6.6547334e-01,  1.3399844e-04,
        1.9780847e-03,  1.7716052e-15,  4.7531614e-07,  5.8046271e-07,
        4.5022961e-15,  8.5216194e-01,  1.4531869e-01], dtype=float32)], [array([ 6.3956589e-01,  4.3344863e-02,  5.6787580e-01, -1.0937623e-01,
        4.1877863e-01,  5.9584689e-01,  1.2827092e+00,  2.9936054e-01,
       -2.0610662e-01,  2.5143805e-03,  1.6755058e-06,  1.6755058e-06,
        1.8163364e-03,  4.1610092e-02,  9.5675933e-01,  1.6206814e-03,
        2.2466239e-04,  1.5916767e-03,  1.7711431e-03,  2.7639259e-04,
        1.6755058e-06,  9.1532236e-01,  7.1040072e-02], dtype=float32), array([ 5.6761229e-01,  2.5754333e-01,  6.2615639e-01, -7.8761891e-02,
        5.2981114e-01,  5.4406756e-01,  8.7594658e-01,  2.7997944e-01,
       -7.3920585e-02,  1.4358032e-01,  2.5469604e-05,  2.5469604e-05,
        7.2124004e-03,  1.6352700e-01,  8.0671757e-01,  2.9701410e-02,
        9.3614083e-04,  6.2762666e-03,  4.5159683e-02,  2.6879409e-02,
        2.5469604e-05,  4.5289099e-01,  1.5471649e-01], dtype=float32), array([ 6.77868009e-01,  5.35551906e-01,  6.42965913e-01, -3.54925960e-01,
        7.70326674e-01,  2.18765840e-01,  2.41215214e-01,  2.99765736e-01,
        3.23080570e-02,  7.05404103e-01,  2.26279080e-05,  2.26279080e-05,
        1.68157485e-03,  6.80773705e-02,  9.18300748e-01,  1.35993240e-02,
        2.23721712e-04,  1.45784463e-03,  9.70380157e-02,  1.10217966e-01,
        2.26279080e-05,  3.87372449e-02,  6.63676411e-02], dtype=float32), array([ 7.3420107e-01,  4.2690751e-01,  1.0103016e+00,  1.9940469e-01,
        5.7735068e-01, -4.8962796e-01, -2.7641943e-01,  3.0563295e-01,
        1.6775739e-01,  9.3325239e-01,  2.2772792e-06,  2.2772792e-06,
        6.1415682e-05,  1.2957598e-02,  9.8540276e-01,  1.6103412e-03,
        9.3766221e-06,  5.2038638e-05,  4.1635337e-01,  4.2098629e-01,
        2.2772792e-06,  1.1773823e-03,  1.5590885e-02], dtype=float32), array([ 7.6987815e-01,  3.8374233e-01,  1.1218027e+00,  4.1191536e-01,
        6.4296663e-01, -6.9791466e-01, -4.1776359e-01,  3.0585867e-01,
        2.6385471e-01,  9.9951994e-01,  4.1713584e-09,  4.1713584e-09,
        4.2853060e-08,  9.0938457e-04,  9.9901932e-01,  5.2114769e-06,
        9.9660138e-09,  3.2887176e-08,  6.7412740e-01,  3.2488346e-01,
        4.1713584e-09,  2.0921468e-04,  8.1315549e-05], dtype=float32), array([ 7.5635695e-01,  2.4595597e-01,  9.7603577e-01,  3.1987011e-01,
        6.3494211e-01, -7.0352864e-01, -4.6921775e-01,  3.0583370e-01,
        1.8797010e-01,  9.5729351e-01,  1.2612550e-08,  1.2612550e-08,
        7.3706246e-06,  5.3782305e-03,  9.8294097e-01,  2.3143853e-05,
        7.3211063e-06,  4.9480555e-08,  3.4155160e-01,  5.6793821e-01,
        1.2612550e-08,  4.7683075e-02,  1.1863303e-02], dtype=float32), array([ 6.1711031e-01, -8.6057961e-01, -3.5342675e-01,  7.1412504e-02,
        5.2095497e-01, -8.5116422e-01, -9.4375998e-01,  3.0319983e-01,
       -9.2837483e-02,  5.2777368e-01,  2.5309062e-09,  2.5309062e-09,
        7.4442226e-04,  1.9614888e-02,  9.1381383e-01,  9.4924799e-05,
        7.4441725e-04,  5.7936695e-09,  6.9382429e-02,  7.5898148e-02,
        2.5309062e-09,  3.8184527e-01,  2.4018280e-01], dtype=float32), array([ 3.7704554e-01, -1.0998131e+00, -8.3179396e-01, -6.4286269e-02,
        2.8502277e-01, -8.9001966e-01, -1.0293479e+00,  2.9061800e-01,
       -1.8386705e-01,  4.5759085e-01,  1.0757395e-11,  1.0757395e-11,
        4.2630211e-03,  5.9343964e-02,  9.1004974e-01,  3.4071563e-04,
        4.2630211e-03,  1.3730523e-11,  1.5944353e-03,  2.3767387e-03,
        1.0757395e-11,  4.4981763e-01,  3.8022110e-01], dtype=float32), array([-3.4436867e-02, -9.7568172e-01, -9.6563089e-01, -1.7772292e-01,
        7.4622020e-02, -9.0908563e-01, -1.1619383e+00,  8.7796845e-02,
       -1.9342637e-01,  7.0451134e-01,  2.4330234e-13,  2.4330234e-13,
        6.0991600e-02,  1.7910440e-01,  8.0278087e-01,  4.4644121e-03,
        6.0991600e-02,  2.0273399e-13,  8.2575069e-05,  2.3222121e-04,
        2.4330234e-13,  6.5606838e-01,  2.0539254e-01], dtype=float32), array([-3.2927221e-01, -7.9150915e-01, -1.0247406e+00, -3.2100254e-01,
       -2.3301804e-01, -8.8568521e-01, -1.1478562e+00, -4.9530286e-01,
       -1.7646034e-01,  8.3226955e-01,  3.4175567e-14,  3.4175567e-14,
        2.2408308e-01,  3.2656178e-01,  6.4605409e-01,  1.5878525e-02,
        2.2408308e-01,  2.9960084e-14,  1.6127793e-05,  5.5281449e-05,
        3.4175567e-14,  6.4839607e-01,  1.0879530e-01], dtype=float32)], [array([ 6.5970796e-01,  5.8292437e-02,  5.5860466e-01, -1.6486850e-01,
        1.1364920e-01,  6.0957056e-01,  1.2977511e+00,  3.0562031e-01,
        1.7931499e-01,  4.6254378e-02,  4.6913510e-08,  4.6913510e-08,
        6.7038367e-05,  5.3405602e-02,  9.4633585e-01,  2.5913893e-04,
        7.6579463e-06,  5.9380523e-05,  4.2999335e-04,  2.3531144e-04,
        4.6913510e-08,  1.1630249e-01,  8.7904263e-01], dtype=float32), array([ 6.7659259e-01,  1.9060075e-01,  5.6529135e-01, -2.2981815e-01,
        1.5289909e-01,  5.7287645e-01,  1.0309848e+00,  3.0426878e-01,
        3.6386404e-02,  2.3564225e-01,  9.8685666e-07,  9.8685666e-07,
        4.4295046e-04,  1.8548535e-01,  8.0122566e-01,  1.3292777e-02,
        5.0029681e-05,  3.9292328e-04,  3.2205798e-02,  7.6401271e-03,
        9.8685666e-07,  2.0834397e-01,  5.3666335e-01], dtype=float32), array([ 7.7729410e-01,  3.6677289e-01,  5.4953790e-01, -2.1357678e-01,
        1.5607016e-01,  3.0976492e-01,  3.5707161e-01,  3.0518764e-01,
       -1.5419260e-01,  7.3316556e-01,  1.4127097e-06,  1.4127097e-06,
        1.8690308e-04,  1.7127895e-01,  7.9640907e-01,  3.2305080e-02,
        2.0164778e-05,  1.6674107e-04,  1.6491087e-01,  3.3855259e-02,
        1.4127097e-06,  3.1100534e-02,  7.1179263e-02], dtype=float32), array([ 7.7341747e-01,  1.2731606e-01,  6.4527422e-01,  2.4026138e-01,
        3.4374201e-01, -1.1030113e-01,  4.8922859e-03,  3.0579948e-01,
        4.1618846e-02,  9.1881210e-01,  3.0463227e-07,  3.0463227e-07,
        1.6195048e-05,  9.8340377e-02,  8.8640958e-01,  1.5117836e-02,
        1.7376341e-06,  1.4457169e-05,  5.5263245e-01,  2.0647472e-01,
        3.0463227e-07,  2.0079839e-03,  6.3317362e-03], dtype=float32), array([ 7.5169528e-01,  7.5506821e-02,  8.0900490e-01,  4.0724146e-01,
        6.1657262e-01, -3.9434677e-01, -1.9611236e-01,  3.0585510e-01,
        2.0779848e-01,  9.8820096e-01,  1.1404367e-08,  1.1404367e-08,
        7.6009712e-07,  3.7670754e-02,  9.5910537e-01,  8.9587428e-04,
        5.4317582e-07,  2.1692684e-07,  6.2135047e-01,  3.5842347e-01,
        1.1404367e-08,  4.2951497e-04,  8.7367045e-04], dtype=float32), array([ 7.3096251e-01, -4.2128757e-01,  4.7887927e-01,  3.6916351e-01,
        6.8656081e-01, -3.5558698e-01, -2.3521179e-01,  3.0551293e-01,
        1.9156967e-01,  7.7256870e-01,  3.7674135e-09,  3.7674135e-09,
        9.6623080e-05,  8.9776151e-02,  8.5218132e-01,  4.9271021e-04,
        9.6591379e-05,  3.1695077e-08,  3.7403345e-01,  3.9358824e-01,
        3.7674135e-09,  8.3979517e-03,  4.2973455e-02], dtype=float32), array([ 1.1454569e+00, -1.2944806e+00, -5.9194714e-01,  2.3516676e-01,
        6.3184834e-01, -6.9282722e-01, -8.2698470e-01,  3.0115753e-01,
        3.1841315e-02,  8.6644426e-02,  1.3944158e-10,  1.3944158e-10,
        1.3151761e-03,  2.1844655e-02,  8.0938351e-01,  3.8183562e-04,
        1.3151757e-03,  6.5219868e-10,  2.2654796e-02,  5.7843745e-02,
        1.3944158e-10,  1.4304760e-02,  2.7206793e-01], dtype=float32), array([ 8.2680738e-01, -1.3106762e+00, -8.5442138e-01, -3.2979317e-03,
       -1.6667043e-01, -8.2898152e-01, -7.1971953e-01,  2.8480870e-01,
       -3.7362763e-01,  1.1326096e-02,  6.9412390e-13,  6.9412390e-13,
        5.8882078e-03,  4.5588608e-03,  9.6252894e-01,  5.0505291e-04,
        5.8882078e-03,  2.0137245e-12,  4.6144609e-04,  2.9945984e-03,
        6.9412390e-13,  7.7304551e-03,  7.8514898e-01], dtype=float32), array([ 4.12500411e-01, -9.76865828e-01, -8.38870168e-01, -2.75911437e-03,
        1.34350523e-01, -8.13897252e-01, -7.13721335e-01, -1.03585076e+00,
       -1.49789348e-01,  2.00271264e-01,  1.05618605e-13,  1.05618605e-13,
        3.75275016e-01,  1.85853705e-01,  7.46277988e-01,  3.12416553e-02,
        3.75275016e-01,  2.05175259e-13,  3.40472558e-04,  2.41815532e-03,
        1.05618605e-13,  5.92882298e-02,  4.01613235e-01], dtype=float32), array([-1.3519159e-01, -2.2111626e-01, -6.4091355e-01, -4.0691790e-01,
        3.1584552e-01, -6.7573196e-01, -5.4311889e-01, -3.0483191e+00,
        1.6571881e-01,  5.9289485e-01,  2.4114327e-15,  2.4114327e-15,
        9.3814963e-01,  5.0932860e-01,  4.0725473e-01,  5.6451187e-02,
        9.3814963e-01,  4.9962111e-15,  6.7533991e-05,  1.8580529e-04,
        2.4114327e-15,  2.8841684e-02,  2.1841716e-02], dtype=float32)], [array([ 8.6668277e-01,  3.2969856e-01,  4.6750012e-01, -1.1197578e+00,
       -3.3459926e-01,  7.9054457e-01,  1.3463777e+00,  3.0584177e-01,
        1.3090026e-01,  6.2280679e-01,  3.5866174e-09,  3.5866174e-09,
        5.1745114e-06,  6.7216784e-01,  3.2650033e-01,  1.3302222e-03,
        5.2805154e-07,  4.6464429e-06,  2.6758788e-03,  7.3412154e-03,
        3.5866174e-09,  5.5179346e-02,  9.0916944e-01], dtype=float32), array([ 5.9038246e-01,  3.3067456e-01,  6.0077661e-01, -2.1809955e-01,
       -3.6599448e-01,  6.7583585e-01,  8.3355188e-01,  3.0582508e-01,
        1.5792651e-02,  2.7260301e-01,  1.5541506e-08,  1.5541506e-08,
        9.8246619e-06,  6.4818734e-01,  3.1114909e-01,  4.0671006e-02,
        9.8987732e-07,  8.8348015e-06,  9.0520278e-02,  3.2860138e-02,
        1.5541506e-08,  4.8864674e-02,  6.2226063e-01], dtype=float32), array([ 5.9198368e-01,  2.4645716e-01,  5.3794223e-01,  2.6218358e-01,
       -1.0446071e-01,  5.5324918e-01,  5.2609211e-01,  3.0584475e-01,
       -1.8687508e-01,  4.1463593e-01,  1.7404847e-08,  1.7404847e-08,
        3.8128615e-06,  5.8716750e-01,  2.6779091e-01,  1.4504047e-01,
        3.6895926e-07,  3.4438963e-06,  4.6156326e-01,  2.8038638e-02,
        1.7404847e-08,  7.2731744e-03,  8.9814380e-02], dtype=float32), array([ 7.6292682e-01, -3.2949725e-01,  1.9845191e-01,  4.7633153e-01,
       -1.6651495e-01,  2.5861686e-01,  2.6917952e-01,  3.0585822e-01,
       -1.1778725e-01,  8.9228147e-01,  2.8039928e-09,  2.8039928e-09,
        2.7267095e-07,  2.8111377e-01,  6.8926203e-01,  2.9589619e-02,
        3.8686988e-08,  2.3398654e-07,  8.8778120e-01,  2.0602673e-02,
        2.8039928e-09,  3.6121052e-04,  4.4535962e-03], dtype=float32), array([ 7.5145799e-01, -4.9161035e-01,  1.5449207e-01,  5.0532407e-01,
        5.3135514e-01,  2.0167682e-01,  2.3454548e-01,  3.0585805e-01,
        1.4263283e-01,  9.8277348e-01,  1.6255389e-10,  1.6255389e-10,
        3.5361276e-07,  1.6675237e-01,  8.3099312e-01,  1.6356669e-03,
        3.4790003e-07,  5.7142771e-09,  9.0754992e-01,  6.9686614e-02,
        1.6255389e-10,  1.6903932e-05,  3.0486216e-04], dtype=float32), array([ 3.5759217e-01, -8.4001160e-01,  3.4410927e-01,  3.6561972e-01,
        6.8189257e-01,  2.1645750e-01,  3.5386407e-01,  3.0569819e-01,
        1.2016524e-01,  8.4229380e-01,  4.0580161e-11,  4.0580161e-11,
        4.5528795e-05,  3.1711206e-01,  6.6416496e-01,  2.8913876e-03,
        4.5528112e-05,  6.2356909e-10,  2.8144228e-01,  5.5438155e-01,
        4.0580161e-11,  1.5424771e-04,  9.8055629e-03], dtype=float32), array([ 5.9092820e-01, -8.8417798e-01, -2.7586928e-01,  2.0364815e-01,
        9.2323488e-01,  1.7175203e-02,  3.4150202e-02,  2.9586670e-01,
        1.4335909e-01,  2.3492706e-01,  6.8639998e-12,  6.8639998e-12,
        2.7949195e-03,  1.9329207e-01,  7.1583074e-01,  8.2927160e-03,
        2.7949195e-03,  5.6775043e-11,  6.6429831e-02,  3.6094284e-01,
        6.8639998e-12,  9.2913461e-04,  1.4535820e-01], dtype=float32), array([ 6.4603442e-01, -1.0131552e+00, -6.4122981e-01,  1.0950298e-01,
        3.5241216e-01, -3.6088455e-01, -3.1118011e-01,  3.8749058e-02,
       -1.1704825e-01,  5.3262021e-02,  7.9074843e-13,  7.9074843e-13,
        7.4711666e-02,  9.3061522e-02,  8.5000467e-01,  1.0617794e-02,
        7.4711666e-02,  4.5529322e-12,  1.5849905e-02,  1.7163454e-01,
        7.9074843e-13,  2.7661673e-03,  3.9178753e-01], dtype=float32), array([ 6.2389500e-02, -8.3214962e-01, -9.1030967e-01,  3.0141056e-01,
        4.3076006e-01, -7.7170086e-01, -5.4786408e-01, -2.3672559e+00,
        4.6012420e-02,  1.3985278e-01,  1.2783934e-14,  1.2783934e-14,
        7.4765259e-01,  3.2509616e-01,  5.7596564e-01,  6.3867174e-02,
        7.4765259e-01,  5.3493908e-14,  3.0754625e-03,  2.4678499e-02,
        1.2783934e-14,  3.0071747e-03,  1.3255525e-01], dtype=float32), array([-3.8867313e-01, -8.3020884e-01, -1.1545179e+00,  4.3570670e-01,
        7.6481330e-01, -1.0829349e+00, -6.9789642e-01, -3.2561569e+00,
        1.5077697e-01,  7.2901338e-02,  1.4499179e-17,  1.4499179e-17,
        9.9627841e-01,  4.9222875e-01,  3.3039120e-01,  1.2773015e-01,
        9.9627841e-01,  6.3684013e-17,  1.6186101e-04,  3.3343269e-04,
        1.4499179e-17,  2.2268834e-04,  1.8769435e-03], dtype=float32)], [array([ 6.1542517e-01,  1.5351678e-01,  5.5698973e-01, -2.3924655e-01,
       -1.1882441e+00,  6.1773658e-01,  1.0625008e+00,  3.0585879e-01,
       -3.6598384e-01,  1.6381323e-01,  1.0816792e-10,  1.0816792e-10,
        1.5108427e-07,  2.9770127e-01,  6.9914913e-01,  3.1522987e-03,
        1.3950796e-08,  1.3713385e-07,  5.5310037e-03,  8.0114089e-02,
        1.0816792e-10,  2.5169513e-01,  5.5392897e-01], dtype=float32), array([ 3.59538943e-01,  3.85384798e-01,  6.79949045e-01,  1.60203561e-01,
       -8.46464336e-01,  6.34364843e-01,  4.21052217e-01,  3.05858880e-01,
       -2.13072941e-01,  7.09193200e-02,  6.87324225e-11,  6.87324225e-11,
        5.62438416e-08,  8.30895543e-01,  1.37570649e-01,  3.15318108e-02,
        5.18670973e-09,  5.10565776e-08,  6.33083507e-02,  1.14037365e-01,
        6.87324225e-11,  3.71017903e-02,  5.25805891e-01], dtype=float32), array([ 5.4973435e-01,  1.4615427e-01,  4.2734632e-01,  4.1721147e-01,
       -5.5197787e-01,  5.5931371e-01,  5.6161517e-01,  3.0585897e-01,
       -3.1700531e-01,  3.7001675e-01,  1.0229409e-10,  1.0229409e-10,
        3.5322014e-08,  6.1367249e-01,  1.2841330e-01,  2.5792074e-01,
        3.2269787e-09,  3.2095073e-08,  6.4292461e-01,  7.6706633e-02,
        1.0229409e-10,  4.1174083e-03,  1.0351038e-01], dtype=float32), array([ 7.13749230e-01, -3.89406472e-01,  1.02884963e-01,  4.99004424e-01,
       -3.11039180e-01,  2.99825490e-01,  2.96565831e-01,  3.05859357e-01,
       -1.22798897e-01,  8.36952567e-01,  1.39876695e-11,  1.39876695e-11,
        4.70875383e-09,  7.71831095e-01,  1.90180227e-01,  3.79829369e-02,
        2.75515188e-09,  1.95362504e-09,  9.52880442e-01,  1.17397411e-02,
        1.39876695e-11,  1.08371554e-04,  3.48768802e-03], dtype=float32), array([ 7.0917493e-01, -4.7119963e-01,  5.3840049e-02,  4.8166877e-01,
        4.6616173e-01,  2.6862133e-01,  2.7670637e-01,  3.0585852e-01,
        1.6247185e-01,  8.9924002e-01,  1.2385907e-12,  1.2385907e-12,
        1.0219108e-07,  7.8279597e-01,  2.1148819e-01,  5.6160628e-03,
        1.0211589e-07,  7.5391304e-11,  9.2875326e-01,  2.2335805e-02,
        1.2385907e-12,  2.4112908e-06,  2.3466023e-04], dtype=float32), array([ 3.9818099e-01, -5.7553661e-01, -2.2312923e-01,  1.5536276e-01,
        9.5483786e-01,  3.9426371e-01,  5.2098536e-01,  3.0582508e-01,
        2.2795211e-01,  6.6448349e-01,  1.7412558e-13,  1.7412558e-13,
        9.4614388e-06,  5.9273231e-01,  3.8166556e-01,  2.3697807e-02,
        9.4614343e-06,  4.6905179e-12,  3.0272222e-01,  2.0415212e-01,
        1.7412558e-13,  1.5587070e-06,  4.8378441e-03], dtype=float32), array([ 3.15966576e-01, -5.41261911e-01, -3.17347914e-01,  1.58019632e-01,
        1.42362177e+00,  5.31451046e-01,  5.62089801e-01,  3.04650992e-01,
        6.93694279e-02,  8.99972022e-02,  1.40241636e-14,  1.40241636e-14,
        3.38312122e-04,  3.21255714e-01,  6.23813808e-01,  5.02519310e-02,
        3.38312122e-04,  1.94197821e-13,  1.09630682e-01,  4.22290534e-01,
        1.40241636e-14,  4.14404030e-06,  2.57875212e-02], dtype=float32), array([ 2.40399480e-01, -5.36934018e-01, -3.92312318e-01,  1.47987872e-01,
        5.34025908e-01,  5.12639403e-01,  5.26049316e-01,  2.28979677e-01,
        2.98291091e-02,  2.48032492e-02,  1.34287875e-14,  1.34287875e-14,
        2.15033907e-02,  1.26436532e-01,  8.45260382e-01,  2.38904413e-02,
        2.15033907e-02,  1.35904065e-13,  3.23927850e-02,  5.37832141e-01,
        1.34287875e-14,  5.28922901e-05,  2.34283358e-02], dtype=float32), array([-4.6710292e-01, -5.7680005e-01, -9.4080776e-01,  3.5184267e-01,
        4.2628264e-01,  3.0416397e-02,  1.4468981e-01, -1.6886925e+00,
        4.2465433e-02,  1.0810783e-01,  2.0863741e-15,  2.0863741e-15,
        5.5786878e-01,  3.3785594e-01,  5.9605902e-01,  4.6509586e-02,
        5.5786878e-01,  1.6552569e-14,  7.3847234e-02,  1.8725947e-01,
        2.0863741e-15,  3.0292015e-04,  5.9444364e-02], dtype=float32), array([-2.69299120e-01, -6.18683815e-01, -8.68594527e-01,  7.62103200e-01,
        5.87439775e-01, -8.57342631e-02,  5.78515418e-02, -3.00681686e+00,
        1.76549792e-01,  8.63232166e-02,  1.15822235e-17,  1.15822235e-17,
        9.26545739e-01,  2.60602295e-01,  6.76414251e-01,  4.52450626e-02,
        9.26545739e-01,  9.53451652e-17,  2.10618731e-02,  3.14217545e-02,
        1.15822235e-17,  7.70671322e-05,  1.78678501e-02], dtype=float32)], [array([ 3.0150926e-01, -4.2611712e-01,  4.3628505e-01,  1.2785007e-01,
       -1.0452183e+00,  4.5699245e-01,  6.3782436e-01,  3.0585954e-01,
       -4.1034093e-01,  3.6812118e-01,  2.0511093e-12,  2.0511093e-12,
        3.0655689e-09,  5.4126787e-01,  4.4069001e-01,  1.8043783e-02,
        2.4856761e-10,  2.8170157e-09,  1.4980464e-02,  7.0304757e-01,
        2.0511093e-12,  7.2926149e-02,  1.5301961e-01], dtype=float32), array([ 3.7089548e-01, -1.8412106e-01,  1.7278545e-01,  1.5553381e-01,
       -8.4802610e-01,  5.5365181e-01,  5.4762584e-01,  3.0585936e-01,
       -4.2601925e-01,  6.3041531e-02,  3.1403957e-13,  3.1403957e-13,
        3.2577435e-10,  8.1341505e-01,  1.5465297e-01,  3.1928506e-02,
        2.7142285e-11,  2.9863295e-10,  6.1976131e-02,  7.9660505e-01,
        3.1403957e-13,  1.0019726e-02,  6.6525564e-02], dtype=float32), array([ 3.2716960e-01, -3.5021022e-01, -1.5044270e-01,  2.9168507e-01,
       -8.5014635e-01,  5.7144868e-01,  5.4212403e-01,  3.0585966e-01,
       -3.9244118e-01,  1.4592414e-01,  4.9688921e-13,  4.9688921e-13,
        2.5216243e-10,  5.5809474e-01,  3.2502434e-01,  1.1688305e-01,
        3.0120864e-11,  2.2204094e-10,  5.4367477e-01,  2.2480841e-01,
        4.9688921e-13,  1.6096772e-03,  3.0869270e-02], dtype=float32), array([ 2.5348192e-01, -4.1907498e-01, -2.7743840e-01,  3.2837176e-01,
       -4.7114491e-01,  6.1647582e-01,  5.0224209e-01,  3.0585954e-01,
       -2.7767494e-01,  1.6228269e-01,  1.0858684e-13,  1.0858684e-13,
        5.8146149e-10,  3.5311437e-01,  5.5325538e-01,  9.3629777e-02,
        5.5925181e-10,  2.2212761e-11,  9.3807405e-01,  1.1096596e-02,
        1.0858684e-13,  4.4244694e-05,  1.4266327e-03], dtype=float32), array([ 2.0900314e-01, -3.8849351e-01, -2.7295029e-01,  2.8823596e-01,
        2.6163492e-01,  6.4400387e-01,  4.9533159e-01,  3.0585888e-01,
       -8.6190611e-02,  1.7086886e-01,  1.7443273e-14,  1.7443273e-14,
        3.3975191e-08,  3.2269883e-01,  6.0682160e-01,  7.0473403e-02,
        3.3973613e-08,  1.6363359e-12,  9.6479589e-01,  9.6813897e-03,
        1.7443273e-14,  1.0323389e-06,  1.5225628e-04], dtype=float32), array([ 2.73503929e-01, -5.69469333e-01, -4.17013437e-01,  2.85124391e-01,
        7.70547152e-01,  5.70330918e-01,  5.47901630e-01,  3.05852711e-01,
        1.31291375e-01,  1.18856415e-01,  2.02630377e-15,  2.02630377e-15,
        1.88289289e-06,  4.30342555e-01,  4.23020929e-01,  1.46529824e-01,
        1.88289289e-06,  8.97415212e-14,  6.90216184e-01,  1.56355724e-01,
        2.02630377e-15,  3.74791895e-08,  2.01687496e-03], dtype=float32), array([ 2.3479821e-01, -6.9832319e-01, -5.7220173e-01,  1.8003580e-01,
        7.4477476e-01,  5.7590085e-01,  5.7915503e-01,  3.0569682e-01,
       -7.4076224e-03,  1.5121718e-02,  2.0307956e-16,  2.0307956e-16,
        4.5865425e-05,  6.2600106e-01,  1.2275522e-01,  2.5111079e-01,
        4.5865425e-05,  5.0120464e-15,  9.9271126e-02,  5.9551173e-01,
        2.0307956e-16,  4.8303740e-08,  7.1923318e-03], dtype=float32), array([-1.0100898e+00, -5.2464980e-01, -1.1474631e+00,  1.9445412e-01,
        4.6720868e-01,  8.4533542e-01,  8.2553464e-01,  2.8501871e-01,
       -1.0620806e-01,  1.2752545e-02,  2.7577987e-16,  2.7577987e-16,
        5.8288476e-03,  5.3475469e-01,  3.6904156e-01,  9.5623553e-02,
        5.8288476e-03,  5.2677263e-15,  2.7216014e-01,  4.3473461e-01,
        2.7577987e-16,  1.3055062e-06,  8.2483396e-02], dtype=float32), array([-2.3775504e+00, -3.8203406e-01, -1.8336394e+00,  2.0146158e-01,
       -1.7901435e-01,  1.1295905e+00,  1.0825511e+00,  1.5474674e-01,
       -3.2423782e-01,  6.1528422e-03,  4.1653681e-18,  4.1653681e-18,
        4.2266067e-02,  4.2976943e-01,  5.6279677e-01,  6.6274274e-03,
        4.2266067e-02,  5.5438171e-17,  2.7218869e-01,  4.4549453e-01,
        4.1653681e-18,  1.1629841e-06,  2.1822639e-01], dtype=float32), array([-2.1967018e+00, -4.1061234e-01, -1.7599512e+00,  3.0471995e-01,
       -7.1856934e-01,  1.0410208e+00,  1.0067530e+00, -2.4129957e-01,
       -3.8460684e-01,  1.3749006e-02,  1.3160459e-19,  1.3160459e-19,
        1.5303852e-01,  4.5855436e-01,  5.3478694e-01,  4.6880371e-03,
        1.5303852e-01,  1.5818170e-18,  2.4546708e-01,  4.2118222e-01,
        1.3160459e-19,  1.6604923e-06,  1.7896223e-01], dtype=float32)], [array([ 7.6142207e-02, -1.0695335e+00,  6.3491875e-01,  3.1968090e-01,
       -8.7273836e-01,  2.8038976e-01,  4.8167166e-01,  3.0585983e-01,
       -3.5227069e-01,  8.4937137e-01,  8.6494651e-15,  8.6494651e-15,
        1.0372007e-11,  5.3123468e-01,  4.5438910e-01,  1.4376034e-02,
        6.7780357e-13,  9.6942575e-12,  5.1510301e-03,  9.8260349e-01,
        8.6494651e-15,  1.2285782e-03,  2.3648585e-03], dtype=float32), array([ 2.8175047e-01, -6.8997568e-01, -3.5959995e-01,  2.2510307e-01,
       -1.0318093e+00,  5.2992046e-01,  5.5355626e-01,  3.0585977e-01,
       -4.0257135e-01,  9.1307245e-02,  1.5664171e-15,  1.5664171e-15,
        1.5163208e-12,  4.4976723e-01,  4.3928540e-01,  1.1094742e-01,
        1.1023853e-13,  1.4060808e-12,  6.5739952e-02,  9.0014499e-01,
        1.5664171e-15,  3.3851911e-04,  1.4535271e-03], dtype=float32), array([ 2.5493300e-01, -6.3297844e-01, -4.8902225e-01,  4.1868460e-01,
       -1.3499302e+00,  5.7137579e-01,  5.5926502e-01,  3.0585986e-01,
       -5.3568935e-01,  2.5417333e-02,  2.2698692e-15,  2.2698692e-15,
        2.1755551e-12,  5.9417039e-01,  2.3445067e-01,  1.7137998e-01,
        1.1016194e-12,  1.0739309e-12,  8.1161356e-01,  1.5031950e-01,
        2.2698692e-15,  7.4953918e-05,  8.6019060e-04], dtype=float32), array([ 2.9630464e-01, -7.2570592e-01, -5.7155812e-01,  5.1579273e-01,
       -6.4101177e-01,  5.6603831e-01,  5.5981910e-01,  3.0585977e-01,
       -3.4040898e-01,  5.4335836e-03,  8.1859382e-16,  8.1859382e-16,
        5.7849989e-11,  6.5557522e-01,  5.8271833e-02,  2.8615475e-01,
        5.7653254e-11,  1.9677204e-13,  9.7625279e-01,  4.3214401e-03,
        8.1859382e-16,  2.8650752e-06,  6.0952330e-05], dtype=float32), array([ 2.6983473e-01, -6.6357183e-01, -5.2279091e-01,  5.0874847e-01,
        1.4725003e-01,  5.7338345e-01,  5.5785412e-01,  3.0585936e-01,
       -9.9017993e-02,  7.9401275e-03,  4.4966004e-16,  4.4966004e-16,
        6.3265819e-09,  6.6260934e-01,  8.1904769e-02,  2.5548834e-01,
        6.3265402e-09,  5.7666518e-14,  9.9168658e-01,  2.4321538e-03,
        4.4966004e-16,  1.8209066e-07,  3.9977178e-05], dtype=float32), array([ 2.7841556e-01, -6.9587034e-01, -5.5051774e-01,  5.1761407e-01,
        7.9713625e-01,  5.6410450e-01,  5.6253517e-01,  3.0585852e-01,
        1.6982776e-01,  3.1144680e-03,  6.9964028e-17,  6.9964028e-17,
        1.8342890e-07,  6.4862925e-01,  3.9807249e-02,  3.1156480e-01,
        1.8342890e-07,  5.3394492e-15,  9.6958941e-01,  1.8430833e-02,
        6.9964028e-17,  3.6809737e-09,  6.2295963e-04], dtype=float32), array([-4.3618751e-01, -6.3345861e-01, -9.1663015e-01,  3.3081836e-01,
        6.8487805e-01,  7.2800535e-01,  7.1169364e-01,  3.0570957e-01,
        2.8098291e-02,  6.7805853e-03,  1.7867167e-16,  1.7867167e-16,
        4.2156189e-05,  6.5312654e-01,  1.2801330e-01,  2.1883801e-01,
        4.2156189e-05,  1.1190223e-14,  5.9082705e-01,  2.5370869e-01,
        1.7867167e-16,  1.8095479e-08,  4.2463727e-02], dtype=float32), array([-2.50836682e+00, -3.68703216e-01, -1.89680803e+00,  2.43981242e-01,
        3.52550864e-01,  1.18376839e+00,  1.12885427e+00,  3.05371732e-01,
       -2.13853821e-01,  5.84348396e-04,  3.07778727e-18,  3.07778727e-18,
        1.36546238e-04,  7.25685894e-01,  2.61133343e-01,  1.31705822e-02,
        1.36546238e-04,  1.76129172e-16,  6.42534137e-01,  2.39957541e-01,
        3.07778727e-18,  9.13962328e-09,  1.03692316e-01], dtype=float32), array([-2.6840568e+00, -3.2669652e-01, -1.9620517e+00,  2.1794139e-01,
       -4.4233024e-01,  1.2136365e+00,  1.1559165e+00,  3.0484086e-01,
       -3.7913564e-01,  3.2843938e-05,  1.3306790e-21,  1.3306790e-21,
        2.8553029e-04,  6.5584952e-01,  3.4387326e-01,  2.7624713e-04,
        2.8553029e-04,  4.4089366e-20,  4.7531545e-01,  3.3747712e-01,
        1.3306790e-21,  4.3283677e-10,  1.8648706e-01], dtype=float32), array([-2.6869023e+00, -3.2579628e-01, -1.9629369e+00,  2.1300082e-01,
       -1.3138833e+00,  1.2138883e+00,  1.1561531e+00,  3.0292851e-01,
       -5.8968860e-01,  5.5333676e-05,  2.9932677e-23,  2.9932677e-23,
        8.2005147e-04,  4.2833653e-01,  5.7163763e-01,  2.0247337e-05,
        8.2005147e-04,  8.1621239e-22,  2.5700161e-01,  6.3269031e-01,
        2.9932677e-23,  5.7561805e-10,  1.0947083e-01], dtype=float32)]]
mapped = [array([9, 7]), array([2, 4]), array([3, 4]), array([2, 0]), array([9, 0]), array([9, 4]), array([8, 1]), array([9, 9]), array([7, 9]), array([8, 9]), array([0, 4]), array([8, 4]), array([7, 9]), array([8, 6]), array([9, 7]), array([3, 2]), array([4, 4]), array([2, 5]), array([7, 1]), array([7, 2]), array([9, 7]), array([5, 6]), array([0, 2]), array([3, 8]), array([9, 3]), array([6, 3]), array([1, 8]), array([9, 4]), array([3, 2]), array([5, 9]), array([8, 8]), array([2, 5]), array([9, 3]), array([7, 7]), array([9, 8]), array([9, 2]), array([9, 4]), array([3, 1]), array([4, 0]), array([0, 6]), array([0, 8]), array([8, 5]), array([1, 8]), array([4, 4]), array([0, 8]), array([9, 8]), array([2, 5]), array([9, 7]), array([7, 9]), array([2, 4]), array([4, 4]), array([8, 8]), array([9, 3]), array([2, 5]), array([0, 4]), array([2, 9]), array([9, 1]), array([3, 6]), array([4, 5]), array([2, 2]), array([4, 5]), array([4, 5]), array([0, 0]), array([2, 4]), array([9, 5]), array([9, 3]), array([8, 4]), array([9, 7]), array([1, 8]), array([9, 3]), array([9, 4]), array([9, 9]), array([9, 2]), array([3, 1]), array([7, 6]), array([7, 4]), array([4, 0]), array([6, 2]), array([4, 5]), array([0, 8]), array([3, 8]), array([7, 3]), array([4, 4]), array([9, 2]), array([7, 3]), array([4, 0]), array([0, 8]), array([8, 6]), array([0, 8]), array([9, 5]), array([5, 7]), array([9, 1]), array([4, 5]), array([9, 8]), array([4, 0]), array([1, 3]), array([6, 4]), array([5, 7]), array([9, 0]), array([0, 3]), array([4, 5]), array([0, 2]), array([3, 2]), array([5, 2]), array([2, 4]), array([0, 9]), array([7, 9]), array([0, 9]), array([3, 6]), array([6, 9]), array([5, 7]), array([7, 4]), array([6, 3]), array([0, 8]), array([7, 5]), array([1, 8]), array([0, 8]), array([1, 8]), array([2, 4]), array([0, 8]), array([9, 2]), array([3, 8]), array([9, 2]), array([4, 4]), array([9, 0]), array([4, 5]), array([0, 2]), array([4, 0]), array([4, 0]), array([0, 3]), array([8, 6]), array([9, 2]), array([3, 1]), array([3, 4]), array([9, 1]), array([5, 6]), array([9, 4]), array([7, 4]), array([8, 6]), array([0, 0]), array([9, 8]), array([0, 8]), array([2, 2]), array([9, 5]), array([6, 4]), array([0, 2]), array([4, 2]), array([7, 2]), array([5, 7]), array([3, 7]), array([3, 6]), array([3, 8]), array([3, 4]), array([0, 8]), array([9, 9]), array([9, 9]), array([9, 8]), array([8, 3]), array([5, 7]), array([8, 4]), array([8, 6]), array([5, 0]), array([9, 8]), array([0, 9]), array([8, 6]), array([7, 1]), array([0, 6]), array([9, 0]), array([7, 9]), array([7, 7]), array([1, 9]), array([4, 0]), array([5, 0]), array([9, 4]), array([8, 2]), array([5, 9]), array([0, 4]), array([0, 8]), array([9, 7]), array([7, 7]), array([2, 9]), array([4, 2]), array([3, 4]), array([9, 1]), array([7, 1]), array([0, 9]), array([0, 2]), array([9, 8]), array([9, 2]), array([0, 9]), array([6, 0]), array([9, 2]), array([6, 4]), array([0, 6]), array([9, 8]), array([9, 3]), array([3, 4]), array([5, 9]), array([9, 7]), array([1, 0]), array([2, 9]), array([5, 0]), array([5, 9]), array([9, 3]), array([2, 4]), array([2, 0]), array([7, 6]), array([3, 7]), array([9, 9]), array([0, 9]), array([9, 5]), array([2, 1]), array([4, 2]), array([0, 6]), array([3, 9]), array([5, 7]), array([9, 3]), array([4, 0]), array([2, 4]), array([1, 8]), array([0, 4]), array([1, 0]), array([9, 1]), array([4, 0]), array([3, 7]), array([9, 1]), array([9, 9]), array([9, 1]), array([5, 9]), array([7, 1]), array([9, 3]), array([3, 1]), array([9, 1]), array([8, 4]), array([9, 2]), array([5, 6]), array([1, 8]), array([2, 4]), array([6, 5]), array([5, 0]), array([2, 0]), array([8, 6]), array([9, 5]), array([2, 2]), array([7, 4]), array([9, 3]), array([2, 9]), array([9, 9]), array([4, 5]), array([4, 0]), array([3, 6]), array([6, 9]), array([2, 0]), array([8, 4]), array([7, 9]), array([5, 0]), array([0, 6]), array([6, 3]), array([3, 4]), array([0, 4]), array([2, 4]), array([6, 4]), array([8, 1]), array([9, 9]), array([7, 7]), array([3, 7]), array([9, 0]), array([7, 1]), array([8, 1]), array([0, 6]), array([3, 4]), array([2, 6]), array([9, 5]), array([7, 4]), array([5, 7]), array([4, 5]), array([4, 0]), array([2, 2]), array([9, 5]), array([8, 6]), array([7, 4]), array([0, 2]), array([0, 2]), array([7, 4]), array([9, 5]), array([7, 7]), array([6, 5]), array([9, 5]), array([7, 2]), array([8, 6]), array([7, 1]), array([0, 4]), array([9, 7]), array([2, 4]), array([6, 0]), array([0, 8]), array([7, 5]), array([0, 0]), array([2, 9]), array([0, 9]), array([9, 5]), array([9, 5]), array([0, 8]), array([6, 4]), array([8, 4]), array([5, 0]), array([5, 9]), array([5, 2]), array([6, 9]), array([4, 4]), array([0, 9]), array([2, 6]), array([3, 6]), array([9, 5]), array([4, 2]), array([0, 4]), array([4, 2]), array([3, 4]), array([9, 5]), array([3, 2]), array([5, 7]), array([0, 9]), array([5, 6]), array([0, 3]), array([7, 9]), array([6, 3]), array([4, 0]), array([4, 5]), array([3, 4]), array([7, 4]), array([9, 9]), array([0, 8]), array([4, 5]), array([4, 0]), array([4, 5]), array([0, 8]), array([0, 3]), array([9, 1]), array([2, 0]), array([2, 2]), array([7, 3]), array([4, 2]), array([7, 1]), array([7, 3]), array([1, 0]), array([8, 1]), array([8, 6]), array([2, 2]), array([9, 3]), array([6, 5]), array([9, 9]), array([3, 2]), array([8, 6]), array([9, 7]), array([9, 0]), array([0, 0]), array([4, 0]), array([8, 2]), array([4, 5]), array([5, 0]), array([7, 3]), array([9, 8]), array([6, 9]), array([9, 7]), array([0, 9]), array([5, 6]), array([8, 6]), array([5, 0]), array([8, 4]), array([9, 0]), array([9, 7]), array([2, 9]), array([2, 4]), array([9, 5]), array([7, 4]), array([9, 1]), array([7, 3]), array([2, 9]), array([3, 4]), array([7, 5]), array([0, 6]), array([4, 0]), array([7, 2]), array([0, 8]), array([5, 0]), array([3, 7]), array([6, 4]), array([4, 2]), array([9, 5]), array([6, 2]), array([0, 8]), array([5, 7]), array([0, 2]), array([3, 4]), array([0, 2]), array([6, 9]), array([9, 8]), array([7, 7]), array([5, 0]), array([3, 8]), array([3, 4]), array([5, 2]), array([8, 1]), array([0, 3]), array([4, 0]), array([3, 9]), array([5, 9]), array([0, 6]), array([9, 4]), array([5, 6]), array([2, 4]), array([6, 9]), array([9, 9]), array([9, 4]), array([3, 1]), array([6, 5]), array([9, 5]), array([1, 6]), array([2, 1]), array([8, 6]), array([5, 0]), array([0, 2]), array([4, 5]), array([7, 7]), array([2, 0]), array([3, 4]), array([3, 6]), array([5, 7]), array([3, 7]), array([5, 7]), array([5, 7]), array([5, 6]), array([1, 8]), array([9, 4]), array([7, 0]), array([2, 2]), array([8, 1]), array([6, 5]), array([8, 3]), array([9, 8]), array([4, 0]), array([7, 2]), array([6, 9]), array([3, 8]), array([5, 2]), array([4, 4]), array([9, 0]), array([5, 0]), array([3, 6]), array([9, 0]), array([8, 4]), array([0, 4]), array([3, 4]), array([4, 0]), array([6, 4]), array([6, 8]), array([9, 1]), array([8, 4]), array([5, 7]), array([9, 8]), array([4, 0]), array([1, 1]), array([1, 9]), array([7, 3]), array([0, 9]), array([0, 2]), array([0, 9]), array([7, 9]), array([7, 5]), array([9, 7]), array([7, 2]), array([0, 6]), array([3, 2]), array([3, 9]), array([2, 4]), array([5, 7]), array([0, 4]), array([5, 0]), array([5, 7]), array([9, 5]), array([8, 6]), array([5, 2]), array([3, 9]), array([1, 8]), array([1, 9]), array([7, 0]), array([7, 7]), array([0, 6]), array([4, 0]), array([3, 6]), array([5, 0]), array([3, 2]), array([5, 0]), array([2, 4]), array([9, 3]), array([1, 9]), array([0, 6]), array([8, 3]), array([7, 6]), array([0, 0]), array([5, 6]), array([9, 7]), array([9, 1]), array([0, 6]), array([9, 9]), array([9, 1]), array([7, 9]), array([9, 5]), array([7, 2]), array([8, 1]), array([0, 4]), array([0, 8]), array([9, 8]), array([9, 7]), array([8, 1]), array([9, 2]), array([4, 0]), array([0, 9]), array([0, 2]), array([7, 7]), array([6, 4]), array([0, 8]), array([7, 3]), array([1, 9]), array([4, 0]), array([6, 9]), array([8, 6]), array([0, 8]), array([3, 6]), array([0, 6]), array([5, 7]), array([4, 0]), array([9, 1]), array([3, 4]), array([9, 1]), array([1, 6]), array([0, 0]), array([7, 0]), array([4, 0]), array([6, 9]), array([0, 9]), array([9, 1]), array([3, 9]), array([3, 1]), array([6, 0]), array([2, 0]), array([5, 9]), array([6, 9]), array([1, 9]), array([3, 1]), array([4, 2]), array([5, 7]), array([1, 8]), array([6, 9]), array([1, 8]), array([9, 9]), array([4, 4]), array([2, 0]), array([7, 0]), array([1, 0]), array([4, 0]), array([5, 9]), array([8, 8]), array([5, 6]), array([6, 3]), array([6, 4]), array([2, 9]), array([9, 9]), array([8, 1]), array([7, 4]), array([6, 4]), array([1, 0]), array([3, 4]), array([7, 5]), array([0, 6]), array([7, 7]), array([1, 8]), array([0, 8]), array([3, 4]), array([0, 8]), array([6, 4]), array([8, 4]), array([5, 2]), array([2, 2]), array([9, 4]), array([0, 4]), array([6, 0]), array([6, 9]), array([9, 9]), array([8, 1]), array([8, 6]), array([8, 1]), array([7, 9]), array([8, 6]), array([6, 3]), array([7, 3]), array([6, 9]), array([6, 9]), array([8, 4]), array([7, 7]), array([9, 4]), array([3, 6]), array([7, 6]), array([3, 7]), array([1, 1]), array([9, 7]), array([9, 8]), array([3, 1]), array([5, 6]), array([5, 7]), array([9, 5]), array([1, 6]), array([1, 8]), array([7, 1]), array([5, 7]), array([6, 5]), array([7, 6]), array([6, 9]), array([6, 3]), array([9, 9]), array([9, 8]), array([6, 0]), array([8, 3]), array([8, 6]), array([9, 0]), array([4, 4]), array([9, 5]), array([7, 3]), array([0, 6]), array([4, 4]), array([7, 0]), array([8, 8]), array([7, 6]), array([1, 6]), array([5, 7]), array([5, 0]), array([9, 3]), array([2, 0]), array([0, 8]), array([2, 4]), array([9, 5]), array([2, 9]), array([9, 8]), array([3, 4]), array([8, 4]), array([0, 6]), array([1, 8]), array([9, 7]), array([3, 8]), array([4, 4]), array([3, 1]), array([3, 7]), array([4, 5]), array([1, 9]), array([3, 1]), array([3, 7]), array([3, 4]), array([5, 9]), array([3, 2]), array([7, 3]), array([3, 4]), array([7, 6]), array([0, 8]), array([4, 5]), array([0, 0]), array([7, 9]), array([4, 0]), array([8, 8]), array([9, 1]), array([4, 0]), array([3, 8]), array([8, 6]), array([3, 7]), array([3, 4]), array([0, 0]), array([2, 5]), array([8, 1]), array([6, 0]), array([4, 0]), array([0, 6]), array([0, 4]), array([1, 0]), array([5, 7]), array([3, 4]), array([4, 5]), array([0, 0]), array([6, 8]), array([6, 9]), array([0, 3]), array([9, 9]), array([0, 8]), array([0, 2]), array([5, 9]), array([6, 3]), array([6, 5]), array([9, 8]), array([7, 1]), array([7, 7]), array([5, 0]), array([0, 6]), array([6, 2]), array([1, 6]), array([1, 0]), array([1, 6]), array([1, 6]), array([6, 4]), array([0, 3]), array([2, 0]), array([6, 5]), array([1, 1]), array([8, 6]), array([3, 8]), array([4, 0]), array([5, 0]), array([3, 7]), array([7, 7]), array([9, 0]), array([6, 0]), array([5, 9]), array([4, 5]), array([9, 4]), array([7, 0]), array([4, 5]), array([2, 4]), array([3, 4]), array([2, 5]), array([9, 9]), array([2, 9]), array([0, 9]), array([2, 0]), array([9, 8]), array([9, 3]), array([5, 7]), array([6, 5]), array([2, 0]), array([0, 6]), array([8, 9]), array([2, 4]), array([0, 2]), array([0, 6]), array([9, 2]), array([3, 4]), array([0, 8]), array([4, 0]), array([2, 6]), array([6, 0]), array([9, 3]), array([0, 2]), array([4, 4]), array([6, 9]), array([7, 4]), array([5, 0]), array([6, 9]), array([2, 9]), array([6, 9]), array([2, 4]), array([2, 4]), array([4, 2]), array([9, 8]), array([2, 4]), array([9, 8]), array([7, 7]), array([2, 4]), array([6, 9]), array([1, 6]), array([8, 1]), array([1, 9]), array([9, 5]), array([9, 1]), array([3, 4]), array([5, 0]), array([3, 4]), array([0, 8]), array([0, 8]), array([5, 9]), array([0, 3]), array([0, 9]), array([0, 9]), array([2, 4]), array([1, 9]), array([9, 3]), array([1, 9]), array([4, 0]), array([2, 0]), array([2, 4]), array([5, 0]), array([1, 9]), array([5, 2]), array([8, 6]), array([3, 1]), array([0, 8]), array([9, 5]), array([7, 0]), array([5, 9]), array([7, 6]), array([4, 1]), array([4, 4]), array([9, 5]), array([7, 9]), array([7, 3]), array([2, 4]), array([7, 7]), array([5, 6]), array([2, 5]), array([3, 8]), array([4, 4]), array([2, 9]), array([0, 6]), array([3, 8]), array([4, 2]), array([3, 7]), array([6, 4]), array([9, 0]), array([4, 0]), array([0, 6]), array([3, 7]), array([3, 8]), array([2, 4]), array([9, 0]), array([0, 2]), array([7, 7]), array([9, 3]), array([7, 1]), array([2, 0]), array([9, 1]), array([3, 1]), array([0, 8]), array([4, 4]), array([4, 5]), array([5, 9]), array([3, 8]), array([8, 5]), array([5, 6]), array([9, 0]), array([9, 8]), array([3, 1]), array([3, 7]), array([5, 6]), array([1, 0]), array([2, 4]), array([9, 2]), array([6, 9]), array([7, 1]), array([5, 9]), array([0, 6]), array([3, 8]), array([3, 9]), array([9, 0]), array([8, 5]), array([0, 0]), array([2, 0]), array([0, 2]), array([4, 4]), array([9, 3]), array([7, 0]), array([0, 2]), array([7, 5]), array([8, 4]), array([4, 0]), array([3, 4]), array([1, 8]), array([0, 6]), array([4, 5]), array([7, 4]), array([9, 2]), array([7, 3]), array([7, 3]), array([5, 2]), array([2, 4]), array([9, 4]), array([1, 9]), array([5, 7]), array([9, 3]), array([5, 9]), array([0, 6]), array([0, 6]), array([1, 9]), array([7, 3]), array([8, 6]), array([1, 9]), array([0, 8]), array([4, 0]), array([4, 4]), array([4, 5]), array([3, 4]), array([9, 5]), array([3, 1]), array([7, 5]), array([0, 0]), array([7, 1]), array([1, 6]), array([0, 4]), array([4, 4]), array([1, 0]), array([0, 2]), array([9, 1]), array([4, 4]), array([9, 1]), array([9, 4]), array([2, 9]), array([3, 6]), array([6, 9]), array([5, 7]), array([3, 4]), array([6, 1]), array([0, 8]), array([2, 2]), array([8, 4]), array([0, 2]), array([6, 2]), array([0, 3]), array([7, 0]), array([5, 0]), array([0, 6]), array([0, 6]), array([8, 2]), array([0, 2]), array([9, 8]), array([2, 4]), array([3, 6]), array([0, 3]), array([4, 2]), array([7, 7]), array([2, 0]), array([7, 5]), array([5, 6]), array([9, 3]), array([6, 5]), array([4, 4]), array([1, 9]), array([5, 0]), array([9, 1]), array([3, 8]), array([9, 8]), array([3, 8]), array([9, 9]), array([5, 6]), array([7, 1]), array([5, 0]), array([0, 2]), array([0, 4]), array([4, 0]), array([0, 8]), array([3, 7]), array([0, 2]), array([4, 2]), array([5, 0]), array([0, 3]), array([2, 0]), array([8, 3]), array([0, 4]), array([9, 8]), array([9, 7]), array([3, 9]), array([9, 0]), array([0, 2]), array([3, 1]), array([4, 5]), array([8, 5]), array([0, 6]), array([4, 5]), array([5, 6]), array([9, 0]), array([4, 2]), array([3, 9]), array([9, 9]), array([5, 7]), array([7, 3]), array([9, 0]), array([0, 6]), array([0, 8]), array([5, 9]), array([2, 2]), array([9, 3]), array([3, 6]), array([5, 7]), array([5, 0]), array([6, 9]), array([0, 4]), array([5, 7]), array([9, 0]), array([5, 7]), array([5, 2]), array([4, 1]), array([9, 3]), array([0, 9]), array([7, 1]), array([7, 7]), array([3, 4]), array([4, 4]), array([5, 7]), array([9, 5]), array([3, 7]), array([6, 0]), array([1, 6]), array([9, 5]), array([6, 8]), array([8, 1]), array([5, 7]), array([9, 7]), array([6, 3]), array([9, 1]), array([3, 9]), array([3, 4]), array([2, 9]), array([3, 6]), array([7, 4]), array([3, 8]), array([9, 2]), array([0, 6]), array([4, 5]), array([6, 9]), array([6, 3]), array([6, 0]), array([2, 9]), array([0, 6]), array([0, 6]), array([6, 9]), array([0, 2]), array([6, 3]), array([0, 3]), array([6, 9]), array([3, 2]), array([0, 2]), array([2, 0]), array([0, 2]), array([4, 5]), array([5, 6]), array([3, 2]), array([8, 4]), array([0, 8]), array([2, 4]), array([9, 3]), array([0, 8]), array([0, 2]), array([8, 3]), array([4, 5]), array([4, 4]), array([1, 3]), array([5, 7]), array([9, 1]), array([9, 4]), array([4, 0]), array([7, 4]), array([0, 2]), array([4, 0]), array([6, 0]), array([7, 2]), array([0, 3]), array([4, 0]), array([3, 6]), array([9, 8]), array([7, 2]), array([8, 4]), array([2, 2]), array([6, 0]), array([6, 8]), array([5, 0]), array([8, 8]), array([8, 1]), array([2, 4]), array([8, 2]), array([6, 0]), array([5, 0]), array([0, 8]), array([2, 0]), array([0, 8]), array([9, 8]), array([2, 5]), array([7, 1]), array([7, 0]), array([4, 5]), array([0, 4]), array([3, 7]), array([0, 0]), array([6, 4]), array([9, 5]), array([9, 1]), array([0, 6]), array([0, 8]), array([2, 0]), array([4, 5]), array([6, 0]), array([8, 6]), array([6, 4]), array([5, 7]), array([5, 6]), array([0, 8]), array([4, 5]), array([3, 4]), array([2, 0]), array([8, 3]), array([7, 0]), array([3, 7]), array([1, 9]), array([7, 7]), array([9, 1]), array([8, 1]), array([7, 3]), array([3, 1]), array([0, 9]), array([3, 1]), array([3, 4]), array([9, 4]), array([0, 8]), array([2, 9]), array([7, 7]), array([9, 2]), array([9, 4]), array([9, 3]), array([4, 0]), array([9, 5]), array([4, 0]), array([7, 4]), array([2, 1]), array([8, 3]), array([7, 9]), array([2, 4]), array([1, 8]), array([3, 7]), array([0, 8]), array([9, 0]), array([6, 4]), array([0, 2]), array([0, 0]), array([4, 0]), array([2, 6]), array([9, 7]), array([4, 2]), array([5, 0]), array([0, 6]), array([4, 5]), array([9, 8]), array([9, 3]), array([2, 0]), array([6, 3]), array([7, 2]), array([9, 2]), array([0, 0]), array([7, 3]), array([8, 6]), array([2, 4]), array([7, 6]), array([6, 0]), array([6, 9]), array([4, 0]), array([9, 5]), array([3, 8]), array([6, 9]), array([5, 0]), array([6, 9]), array([7, 3]), array([7, 6]), array([0, 9]), array([1, 6]), array([0, 3]), array([4, 0]), array([8, 8]), array([2, 4]), array([8, 6]), array([3, 2]), array([1, 6]), array([2, 9]), array([0, 6]), array([7, 9]), array([5, 7]), array([5, 6]), array([0, 9]), array([7, 2]), array([3, 4]), array([4, 0]), array([8, 6]), array([7, 6]), array([7, 3]), array([9, 9]), array([3, 2]), array([7, 0]), array([9, 3]), array([4, 0]), array([7, 6]), array([7, 0]), array([9, 5]), array([3, 9]), array([9, 9]), array([7, 6]), array([4, 1]), array([0, 3]), array([6, 4]), array([0, 6]), array([7, 7]), array([3, 6]), array([4, 2]), array([2, 4]), array([3, 8]), array([1, 8]), array([3, 4]), array([3, 7]), array([9, 0]), array([3, 7]), array([1, 9]), array([3, 9]), array([9, 3]), array([7, 4]), array([4, 4]), array([9, 2]), array([9, 3]), array([8, 1]), array([0, 3]), array([5, 7]), array([4, 4]), array([9, 0]), array([3, 4]), array([6, 4]), array([4, 0]), array([6, 9]), array([8, 8]), array([3, 9]), array([7, 2]), array([9, 0]), array([7, 0]), array([9, 0]), array([9, 3]), array([2, 2]), array([1, 9]), array([5, 7]), array([5, 9]), array([1, 1]), array([4, 5]), array([7, 7]), array([9, 1]), array([7, 1]), array([2, 9]), array([3, 1]), array([9, 1]), array([4, 5]), array([0, 8]), array([4, 5]), array([2, 4]), array([9, 0]), array([9, 3]), array([3, 4]), array([7, 2]), array([0, 3]), array([5, 0]), array([9, 0]), array([1, 6]), array([3, 6]), array([0, 2]), array([2, 4]), array([8, 1]), array([5, 7]), array([5, 9]), array([9, 1]), array([9, 0]), array([9, 2]), array([0, 2]), array([7, 7]), array([8, 6]), array([0, 6]), array([9, 5]), array([0, 6]), array([3, 8]), array([6, 2]), array([4, 4]), array([4, 4]), array([8, 8]), array([2, 9]), array([7, 4]), array([0, 2]), array([2, 0]), array([9, 2]), array([3, 1]), array([2, 2]), array([4, 0]), array([9, 3]), array([1, 8]), array([1, 6]), array([7, 4]), array([8, 4]), array([8, 1]), array([8, 1]), array([0, 9]), array([3, 1]), array([1, 1]), array([7, 1]), array([9, 9]), array([9, 9]), array([2, 4]), array([9, 0]), array([1, 1]), array([3, 4]), array([5, 7]), array([3, 1]), array([8, 3]), array([8, 6]), array([0, 8]), array([9, 5]), array([5, 0]), array([0, 8]), array([0, 3]), array([1, 8]), array([9, 0]), array([6, 8]), array([0, 6]), array([3, 7]), array([9, 5]), array([3, 1]), array([9, 1]), array([9, 5]), array([7, 5]), array([7, 4]), array([6, 3]), array([5, 7]), array([6, 9]), array([4, 0]), array([5, 0]), array([7, 4]), array([5, 0]), array([1, 0]), array([5, 2]), array([9, 1]), array([9, 5]), array([0, 9]), array([0, 8]), array([9, 8]), array([3, 4]), array([9, 1]), array([7, 1]), array([8, 6]), array([7, 4]), array([2, 4]), array([3, 2]), array([9, 3]), array([0, 8]), array([7, 2]), array([9, 9]), array([9, 3]), array([3, 9]), array([9, 0]), array([9, 7]), array([7, 5]), array([4, 0]), array([0, 6]), array([9, 8]), array([9, 9]), array([0, 9]), array([4, 2]), array([7, 7]), array([8, 8]), array([8, 8]), array([4, 4]), array([5, 6]), array([1, 8]), array([1, 1]), array([8, 4]), array([8, 6]), array([3, 9]), array([0, 8]), array([9, 7]), array([1, 6]), array([0, 4]), array([4, 4]), array([9, 3]), array([3, 1]), array([4, 4]), array([0, 3]), array([8, 6]), array([0, 2]), array([3, 6]), array([7, 0]), array([2, 4]), array([3, 2]), array([5, 7]), array([6, 0]), array([9, 4]), array([1, 8]), array([5, 0]), array([3, 6]), array([6, 2]), array([9, 7]), array([6, 1]), array([8, 1]), array([3, 6]), array([8, 6]), array([7, 0]), array([6, 9]), array([2, 5]), array([0, 9]), array([2, 4]), array([5, 7]), array([4, 4]), array([5, 6]), array([5, 7]), array([8, 2]), array([1, 6]), array([7, 6]), array([5, 9]), array([6, 0]), array([3, 2]), array([1, 9]), array([7, 7]), array([9, 7]), array([5, 7]), array([6, 9]), array([3, 9]), array([4, 5]), array([8, 9]), array([4, 5]), array([1, 9]), array([2, 4]), array([4, 5]), array([6, 0]), array([3, 4]), array([4, 0]), array([6, 4]), array([2, 9]), array([4, 4]), array([4, 2]), array([2, 9]), array([0, 6]), array([2, 9]), array([6, 0]), array([0, 9]), array([9, 5]), array([5, 0]), array([9, 8]), array([8, 3]), array([8, 1]), array([1, 6]), array([9, 5]), array([7, 0]), array([3, 8]), array([9, 9]), array([4, 0]), array([0, 8]), array([9, 2]), array([6, 0]), array([0, 8]), array([5, 2]), array([9, 2]), array([2, 0]), array([2, 4]), array([6, 5]), array([0, 3]), array([4, 4]), array([3, 4]), array([2, 5]), array([7, 0]), array([0, 8]), array([8, 4]), array([5, 7]), array([4, 0]), array([3, 2]), array([1, 8]), array([8, 1]), array([5, 2]), array([0, 3]), array([1, 6]), array([2, 5]), array([0, 3]), array([9, 1]), array([8, 3]), array([1, 8]), array([0, 9]), array([7, 4]), array([8, 3]), array([9, 7]), array([0, 3]), array([4, 0]), array([8, 8]), array([9, 9]), array([9, 1]), array([7, 7]), array([9, 4]), array([9, 7]), array([6, 3]), array([0, 2]), array([6, 0]), array([2, 6]), array([2, 4]), array([4, 0]), array([5, 0]), array([1, 6]), array([9, 8]), array([3, 2]), array([9, 3]), array([0, 8]), array([3, 6]), array([9, 3]), array([2, 5]), array([1, 6]), array([7, 2]), array([0, 9]), array([8, 8]), array([7, 0]), array([5, 6]), array([3, 9]), array([9, 1]), array([4, 0]), array([9, 8]), array([5, 7]), array([9, 5]), array([0, 3]), array([7, 0]), array([9, 5]), array([7, 7]), array([7, 3]), array([2, 5]), array([3, 6]), array([1, 1]), array([5, 7]), array([3, 1]), array([3, 7]), array([0, 8]), array([4, 5]), array([6, 9]), array([6, 4]), array([4, 5]), array([3, 7]), array([4, 5]), array([0, 6]), array([7, 3]), array([6, 4]), array([9, 3]), array([8, 3]), array([3, 1]), array([9, 9]), array([0, 9]), array([0, 3]), array([7, 1]), array([3, 7]), array([7, 0]), array([1, 8]), array([9, 7]), array([9, 3]), array([0, 9]), array([2, 9]), array([0, 8]), array([2, 0]), array([6, 3]), array([5, 0]), array([5, 0]), array([6, 0]), array([0, 2]), array([2, 0]), array([3, 2]), array([3, 4]), array([9, 3]), array([6, 1]), array([4, 0]), array([3, 4]), array([9, 5]), array([9, 9]), array([5, 7]), array([5, 6]), array([5, 7]), array([7, 9]), array([3, 8]), array([2, 4]), array([4, 0]), array([8, 6]), array([9, 8]), array([2, 0]), array([7, 4]), array([9, 3]), array([9, 5]), array([2, 1]), array([0, 9]), array([1, 1]), array([7, 1]), array([6, 4]), array([5, 6]), array([0, 4]), array([0, 6]), array([8, 6]), array([9, 9]), array([9, 0]), array([9, 3]), array([3, 9]), array([4, 1]), array([6, 9]), array([7, 7]), array([3, 2]), array([7, 5]), array([6, 5]), array([1, 8]), array([6, 8]), array([8, 4]), array([1, 6]), array([0, 8]), array([6, 9]), array([7, 4]), array([4, 0]), array([3, 7]), array([7, 0]), array([3, 4]), array([3, 8]), array([5, 9]), array([9, 3]), array([8, 1]), array([2, 2]), array([2, 4]), array([0, 6]), array([9, 3]), array([5, 6]), array([2, 4]), array([9, 7]), array([8, 4]), array([2, 9]), array([0, 8]), array([2, 4]), array([5, 7]), array([9, 7]), array([9, 5]), array([1, 8]), array([6, 0]), array([7, 4]), array([7, 0]), array([4, 4]), array([0, 9]), array([9, 7]), array([7, 9]), array([6, 5]), array([6, 9]), array([2, 9]), array([5, 7]), array([9, 5]), array([4, 0]), array([9, 4]), array([9, 2]), array([5, 9]), array([9, 0]), array([8, 8]), array([8, 3]), array([3, 7]), array([0, 8]), array([7, 7]), array([3, 9]), array([9, 7]), array([9, 1]), array([0, 6]), array([7, 0]), array([5, 7]), array([5, 2]), array([9, 7]), array([9, 5]), array([8, 8]), array([4, 4]), array([7, 1]), array([2, 0]), array([9, 1]), array([1, 0]), array([2, 5]), array([0, 6]), array([0, 3]), array([4, 0]), array([7, 1]), array([0, 6]), array([7, 4]), array([9, 9]), array([8, 3]), array([9, 9]), array([3, 4]), array([9, 2]), array([3, 6]), array([7, 4]), array([9, 2]), array([1, 8]), array([9, 0]), array([2, 4]), array([7, 4]), array([4, 5]), array([2, 1]), array([3, 8]), array([0, 8]), array([8, 4]), array([9, 7]), array([6, 9]), array([3, 4]), array([2, 4]), array([6, 9]), array([0, 8]), array([4, 2]), array([0, 8]), array([9, 9]), array([3, 9]), array([3, 2]), array([3, 7]), array([9, 7]), array([4, 0]), array([8, 4]), array([4, 4]), array([2, 4]), array([9, 7]), array([7, 6]), array([7, 7]), array([0, 2]), array([3, 8]), array([1, 6]), array([5, 9]), array([3, 8]), array([9, 9]), array([6, 5]), array([0, 4]), array([4, 4]), array([3, 6]), array([2, 9]), array([9, 9]), array([8, 3]), array([2, 4]), array([3, 7]), array([6, 9]), array([5, 0]), array([6, 9]), array([1, 6]), array([3, 7]), array([9, 2]), array([7, 9]), array([8, 6]), array([7, 1]), array([2, 4]), array([9, 8]), array([6, 2]), array([0, 3]), array([3, 8]), array([9, 1]), array([9, 2]), array([9, 3]), array([3, 9]), array([3, 7]), array([8, 5]), array([5, 9]), array([9, 0]), array([7, 2]), array([8, 6]), array([4, 0]), array([0, 2]), array([6, 2]), array([8, 6]), array([9, 2]), array([0, 8]), array([3, 4]), array([3, 9]), array([3, 8]), array([9, 3]), array([7, 1]), array([5, 7]), array([6, 3]), array([4, 5]), array([0, 2]), array([9, 4]), array([9, 2]), array([3, 4]), array([6, 9]), array([0, 3]), array([0, 2]), array([3, 8]), array([2, 9]), array([6, 9]), array([7, 7]), array([6, 5]), array([9, 9]), array([9, 4]), array([4, 4]), array([9, 0]), array([3, 9]), array([5, 0]), array([8, 5]), array([2, 9]), array([8, 8]), array([9, 9]), array([1, 8]), array([4, 0]), array([8, 4]), array([2, 0]), array([9, 7]), array([4, 4]), array([5, 7]), array([1, 9]), array([6, 9]), array([3, 4]), array([3, 8]), array([7, 0]), array([8, 8]), array([9, 7]), array([9, 1]), array([8, 4]), array([9, 8]), array([2, 9]), array([7, 0]), array([5, 0]), array([7, 2]), array([3, 2]), array([7, 3]), array([3, 7]), array([9, 7]), array([1, 9]), array([8, 3]), array([2, 4]), array([4, 4]), array([9, 3]), array([3, 9]), array([9, 9]), array([8, 1]), array([6, 0]), array([5, 7]), array([9, 1]), array([6, 4]), array([5, 9]), array([7, 4]), array([9, 9]), array([6, 4]), array([0, 8]), array([1, 8]), array([4, 2]), array([9, 7]), array([7, 0]), array([2, 4]), array([3, 2]), array([4, 0]), array([0, 8]), array([9, 1]), array([7, 9]), array([9, 1]), array([9, 4]), array([6, 1]), array([9, 5]), array([2, 3]), array([0, 6]), array([0, 8]), array([2, 1]), array([0, 2]), array([2, 9]), array([7, 4]), array([9, 4]), array([7, 0]), array([7, 5]), array([0, 8]), array([0, 6]), array([2, 2]), array([6, 8]), array([6, 9]), array([0, 6]), array([2, 6]), array([1, 3]), array([8, 6]), array([6, 9]), array([6, 9]), array([9, 7]), array([2, 4]), array([9, 1]), array([2, 4]), array([8, 5]), array([0, 8]), array([0, 4]), array([7, 4]), array([4, 4]), array([0, 3]), array([9, 2]), array([0, 3]), array([9, 8]), array([2, 5]), array([5, 7]), array([9, 9]), array([6, 4]), array([8, 1]), array([3, 8]), array([7, 6]), array([9, 0]), array([3, 4]), array([0, 8]), array([5, 6]), array([6, 2]), array([3, 6]), array([0, 6]), array([2, 9]), array([6, 0]), array([7, 4]), array([8, 8]), array([2, 0]), array([5, 0]), array([9, 0]), array([3, 9]), array([3, 7]), array([9, 0]), array([0, 6]), array([6, 9]), array([5, 0]), array([0, 6]), array([3, 9]), array([6, 9]), array([8, 8]), array([9, 5]), array([8, 3]), array([1, 6]), array([0, 4]), array([1, 9]), array([0, 0]), array([5, 0]), array([4, 5]), array([6, 9]), array([7, 4]), array([0, 8]), array([7, 0]), array([2, 0]), array([3, 6]), array([4, 5]), array([9, 1]), array([4, 2]), array([1, 8]), array([8, 1]), array([7, 4]), array([2, 0]), array([3, 4]), array([4, 5]), array([9, 9]), array([9, 1]), array([6, 1]), array([1, 6]), array([8, 6]), array([9, 1]), array([4, 4]), array([0, 2]), array([4, 4]), array([9, 4]), array([9, 0]), array([3, 8]), array([4, 0]), array([0, 3]), array([3, 9]), array([1, 1]), array([8, 1]), array([7, 7]), array([8, 8]), array([4, 0]), array([3, 1]), array([0, 4]), array([9, 2]), array([3, 6]), array([7, 3]), array([7, 1]), array([9, 5]), array([4, 5]), array([0, 8]), array([8, 6]), array([2, 9]), array([4, 0]), array([0, 6]), array([7, 1]), array([9, 2]), array([4, 0]), array([4, 4]), array([2, 4]), array([9, 9]), array([9, 4]), array([8, 6]), array([0, 6]), array([1, 8]), array([3, 7]), array([3, 4]), array([9, 9]), array([0, 2]), array([9, 3]), array([3, 6]), array([6, 9]), array([3, 1]), array([8, 3]), array([9, 1]), array([4, 0]), array([1, 6]), array([0, 6]), array([7, 1]), array([8, 8]), array([0, 9]), array([6, 5]), array([8, 2]), array([9, 3]), array([6, 3]), array([2, 5]), array([4, 4]), array([7, 9]), array([7, 4]), array([9, 8]), array([9, 8]), array([9, 2]), array([3, 8]), array([9, 3]), array([8, 1]), array([8, 8]), array([8, 8]), array([3, 4]), array([0, 8]), array([0, 6]), array([3, 9]), array([9, 0]), array([3, 2]), array([9, 9]), array([9, 7]), array([9, 8]), array([2, 2]), array([6, 5]), array([0, 8]), array([0, 6]), array([3, 6]), array([9, 0]), array([6, 9]), array([4, 4]), array([5, 0]), array([8, 8]), array([2, 9]), array([3, 9]), array([6, 3]), array([7, 1]), array([6, 4]), array([6, 4]), array([5, 6]), array([6, 4]), array([0, 6]), array([5, 0]), array([5, 6]), array([2, 4]), array([1, 6]), array([1, 0]), array([4, 4]), array([6, 5]), array([7, 6]), array([2, 2]), array([1, 9]), array([2, 4]), array([3, 6]), array([6, 0]), array([3, 1]), array([9, 7]), array([9, 4]), array([6, 9]), array([6, 3]), array([9, 0]), array([2, 6]), array([5, 0]), array([7, 1]), array([9, 9]), array([8, 3]), array([0, 6]), array([8, 6]), array([9, 4]), array([0, 8]), array([0, 2]), array([0, 8]), array([0, 8]), array([6, 3]), array([3, 7]), array([4, 0]), array([4, 4]), array([4, 4]), array([0, 8]), array([6, 9]), array([3, 9]), array([9, 0]), array([7, 6]), array([5, 2]), array([9, 8]), array([1, 9]), array([7, 7]), array([8, 8]), array([9, 0]), array([3, 9]), array([3, 6]), array([7, 7]), array([4, 0]), array([5, 7]), array([5, 0]), array([2, 0]), array([2, 5]), array([9, 0]), array([4, 4]), array([1, 8]), array([9, 0]), array([4, 0]), array([2, 9]), array([8, 6]), array([9, 1]), array([1, 8]), array([4, 5]), array([5, 6]), array([9, 7]), array([7, 1]), array([7, 0]), array([3, 6]), array([6, 2]), array([6, 9]), array([7, 7]), array([5, 0]), array([8, 1]), array([4, 4]), array([0, 3]), array([4, 4]), array([6, 4]), array([8, 3]), array([3, 2]), array([0, 9]), array([4, 0]), array([1, 9]), array([3, 2]), array([6, 4]), array([0, 0]), array([7, 2]), array([4, 0]), array([0, 2]), array([5, 0]), array([9, 7]), array([0, 8]), array([9, 7]), array([9, 3]), array([2, 3]), array([4, 5]), array([4, 5]), array([6, 6]), array([0, 6]), array([2, 4]), array([9, 2]), array([9, 8]), array([3, 8]), array([5, 0]), array([3, 7]), array([2, 0]), array([5, 2]), array([0, 9]), array([9, 3]), array([4, 5]), array([6, 9]), array([0, 6]), array([9, 8]), array([7, 4]), array([7, 7]), array([6, 3]), array([0, 2]), array([1, 8]), array([2, 4]), array([2, 2]), array([9, 9]), array([0, 9]), array([2, 9]), array([9, 9]), array([3, 6]), array([3, 2]), array([8, 6]), array([9, 2]), array([7, 7]), array([0, 8]), array([2, 4]), array([9, 8]), array([0, 8]), array([1, 0]), array([0, 3]), array([6, 0]), array([3, 1]), array([2, 4]), array([5, 0]), array([6, 4]), array([6, 4]), array([0, 2]), array([3, 1]), array([3, 2]), array([9, 4]), array([9, 8]), array([9, 7]), array([2, 5]), array([9, 4]), array([3, 4]), array([8, 1]), array([0, 3]), array([2, 6]), array([7, 7]), array([9, 5]), array([9, 0]), array([0, 3]), array([6, 9]), array([9, 7]), array([0, 8]), array([9, 4]), array([5, 0]), array([3, 7]), array([3, 8]), array([5, 7]), array([2, 5]), array([9, 1]), array([9, 8]), array([1, 9]), array([9, 9]), array([9, 7]), array([3, 9]), array([9, 8]), array([7, 7]), array([3, 8]), array([2, 9]), array([4, 4]), array([3, 1]), array([5, 0]), array([6, 0]), array([8, 3]), array([9, 5]), array([6, 9]), array([8, 3]), array([8, 6]), array([5, 0]), array([9, 2]), array([0, 2]), array([9, 9]), array([3, 6]), array([9, 2]), array([1, 9]), array([9, 3]), array([5, 7]), array([3, 4]), array([0, 4]), array([3, 8]), array([1, 6]), array([3, 2]), array([0, 8]), array([8, 1]), array([9, 4]), array([8, 6]), array([5, 6]), array([6, 4]), array([9, 3]), array([7, 1]), array([9, 9]), array([9, 9]), array([2, 4]), array([4, 0]), array([4, 0]), array([0, 8]), array([8, 6]), array([0, 6]), array([1, 9]), array([9, 0]), array([3, 1]), array([3, 1]), array([0, 9]), array([0, 9]), array([5, 0]), array([3, 1]), array([0, 6]), array([9, 5]), array([7, 7]), array([9, 9]), array([0, 8]), array([5, 7]), array([8, 8]), array([5, 7]), array([9, 5]), array([7, 4]), array([8, 6]), array([9, 0]), array([0, 8]), array([1, 8]), array([6, 9]), array([0, 8]), array([9, 3]), array([7, 9]), array([9, 9]), array([1, 6]), array([7, 9]), array([4, 4]), array([0, 6]), array([6, 2]), array([7, 9]), array([7, 7]), array([9, 3]), array([3, 1]), array([9, 9]), array([2, 2]), array([0, 2]), array([6, 9]), array([6, 9]), array([8, 4]), array([9, 8]), array([0, 4]), array([8, 6]), array([0, 0]), array([9, 1]), array([9, 9]), array([2, 0]), array([4, 4]), array([5, 0]), array([9, 2]), array([2, 5]), array([3, 9]), array([9, 7]), array([9, 9]), array([9, 0]), array([9, 1]), array([0, 8]), array([6, 0]), array([0, 9]), array([0, 4]), array([8, 2]), array([4, 0]), array([7, 6]), array([6, 9]), array([4, 4]), array([3, 7]), array([8, 6]), array([3, 4]), array([5, 9]), array([6, 5]), array([8, 8]), array([1, 6]), array([3, 4]), array([1, 3]), array([5, 0]), array([9, 8]), array([3, 7]), array([9, 3]), array([7, 4]), array([9, 0]), array([4, 0]), array([6, 4]), array([8, 1]), array([5, 7]), array([7, 7]), array([8, 6]), array([0, 6]), array([3, 9]), array([9, 3]), array([3, 7]), array([4, 0]), array([2, 9]), array([2, 4]), array([5, 2]), array([0, 0]), array([9, 8]), array([3, 1]), array([9, 5]), array([2, 4]), array([8, 8]), array([8, 6]), array([9, 5]), array([7, 0]), array([2, 5]), array([1, 0]), array([0, 9]), array([9, 7]), array([0, 4]), array([0, 3]), array([7, 7]), array([4, 2]), array([9, 4]), array([9, 8]), array([5, 6]), array([5, 0]), array([0, 0]), array([9, 0]), array([1, 9]), array([4, 4]), array([6, 9]), array([1, 5]), array([0, 8]), array([9, 3]), array([6, 4]), array([2, 4]), array([6, 0]), array([7, 5]), array([1, 0]), array([2, 4]), array([9, 0]), array([8, 3]), array([7, 5]), array([7, 1]), array([0, 8]), array([7, 4]), array([1, 1]), array([1, 8]), array([5, 7]), array([2, 9]), array([4, 0]), array([9, 4]), array([7, 1]), array([3, 7]), array([3, 9]), array([5, 7]), array([9, 8]), array([3, 7]), array([3, 7]), array([6, 5]), array([8, 8]), array([0, 3]), array([8, 1]), array([2, 4]), array([5, 9]), array([5, 0]), array([0, 9]), array([9, 7]), array([9, 5]), array([9, 7]), array([9, 8]), array([3, 4]), array([1, 8]), array([6, 9]), array([3, 9]), array([5, 7]), array([8, 4]), array([7, 6]), array([7, 4]), array([9, 0]), array([1, 6]), array([9, 8]), array([5, 9]), array([0, 2]), array([9, 1]), array([9, 3]), array([8, 6]), array([5, 0]), array([9, 8]), array([9, 8]), array([9, 2]), array([2, 4]), array([0, 8]), array([4, 4]), array([9, 9]), array([4, 0]), array([4, 5]), array([2, 2]), array([5, 9]), array([6, 0]), array([7, 0]), array([4, 0]), array([3, 8]), array([7, 1]), array([2, 0]), array([7, 6]), array([0, 6]), array([4, 0]), array([2, 0]), array([3, 2]), array([9, 3]), array([7, 6]), array([9, 1]), array([4, 4]), array([4, 0]), array([4, 5]), array([9, 1]), array([6, 2]), array([9, 8]), array([1, 8]), array([2, 5]), array([7, 0]), array([3, 6]), array([1, 1]), array([0, 6]), array([9, 5]), array([6, 2]), array([0, 9]), array([3, 9]), array([2, 9]), array([7, 7]), array([0, 8]), array([3, 1]), array([2, 5]), array([8, 3]), array([7, 1]), array([5, 0]), array([0, 2]), array([7, 3]), array([7, 7]), array([5, 7]), array([7, 3]), array([7, 1]), array([9, 5]), array([0, 6]), array([3, 8]), array([9, 3]), array([9, 2]), array([3, 4]), array([7, 5]), array([2, 4]), array([9, 0]), array([0, 2]), array([0, 6]), array([7, 5]), array([5, 7]), array([5, 9]), array([9, 0]), array([4, 4]), array([6, 4]), array([2, 4]), array([0, 4]), array([7, 0]), array([9, 7]), array([3, 8]), array([4, 4]), array([2, 0]), array([7, 2]), array([0, 6]), array([9, 7]), array([3, 8]), array([8, 9]), array([8, 6]), array([3, 2]), array([3, 1]), array([3, 4]), array([6, 5]), array([4, 0]), array([9, 7]), array([3, 1]), array([4, 4]), array([5, 0]), array([7, 4]), array([9, 5]), array([9, 1]), array([4, 4]), array([9, 9]), array([4, 5]), array([9, 9]), array([2, 2]), array([6, 4]), array([0, 8]), array([6, 4]), array([5, 6]), array([0, 2]), array([2, 4]), array([2, 9]), array([5, 0]), array([3, 4]), array([1, 8]), array([9, 3]), array([8, 2]), array([3, 2]), array([9, 1]), array([9, 4]), array([5, 6]), array([4, 4]), array([6, 9]), array([7, 7]), array([2, 0]), array([3, 7]), array([3, 1]), array([7, 7]), array([4, 4]), array([2, 4]), array([0, 2]), array([2, 0]), array([5, 7]), array([6, 5]), array([9, 1]), array([9, 0]), array([7, 3]), array([2, 2]), array([2, 9]), array([3, 7]), array([9, 5]), array([0, 2]), array([9, 3]), array([7, 4]), array([2, 0]), array([4, 4]), array([8, 6]), array([3, 4]), array([0, 3]), array([5, 7]), array([5, 0]), array([9, 5]), array([1, 6]), array([9, 2]), array([7, 5]), array([2, 9]), array([6, 9]), array([0, 6]), array([4, 4]), array([0, 9]), array([4, 5]), array([5, 0]), array([9, 1]), array([8, 1]), array([9, 7]), array([2, 0]), array([6, 4]), array([9, 9]), array([9, 7]), array([4, 2]), array([7, 0]), array([6, 0]), array([9, 3]), array([6, 2]), array([9, 5]), array([0, 2]), array([2, 9]), array([4, 4]), array([5, 7]), array([0, 9]), array([1, 6]), array([9, 8]), array([9, 9]), array([0, 3]), array([2, 2]), array([4, 4]), array([2, 6]), array([9, 9]), array([4, 0]), array([9, 8]), array([6, 9]), array([9, 9]), array([9, 8]), array([2, 5]), array([9, 3]), array([6, 0]), array([9, 0]), array([2, 4]), array([3, 8]), array([0, 6]), array([7, 0]), array([0, 4]), array([0, 8]), array([2, 0]), array([3, 2]), array([2, 6]), array([7, 9]), array([4, 5]), array([8, 6]), array([7, 4]), array([2, 2]), array([9, 9]), array([4, 4]), array([1, 8]), array([8, 4]), array([9, 9]), array([4, 4]), array([3, 2]), array([9, 3]), array([3, 8]), array([8, 4]), array([9, 5]), array([3, 1]), array([0, 8]), array([3, 1]), array([3, 7]), array([9, 9]), array([4, 0]), array([0, 0]), array([4, 4]), array([6, 4]), array([2, 4]), array([3, 9]), array([0, 2]), array([2, 4]), array([8, 5]), array([8, 4]), array([9, 0]), array([7, 1]), array([6, 0]), array([7, 0]), array([0, 8]), array([2, 4]), array([2, 4]), array([8, 1]), array([7, 3]), array([0, 3]), array([6, 9]), array([8, 3]), array([7, 1]), array([4, 4]), array([1, 8]), array([1, 8]), array([0, 0]), array([8, 6]), array([0, 4]), array([9, 9]), array([0, 6]), array([2, 4]), array([9, 7]), array([0, 6]), array([0, 8]), array([5, 0]), array([2, 5]), array([0, 2]), array([9, 9]), array([5, 0]), array([8, 1]), array([7, 5]), array([3, 8]), array([6, 0]), array([5, 7]), array([9, 9]), array([0, 6]), array([7, 6]), array([0, 3]), array([7, 3]), array([0, 2]), array([7, 1]), array([9, 5]), array([8, 5]), array([4, 0]), array([3, 2]), array([4, 2]), array([0, 0]), array([9, 1]), array([1, 9]), array([6, 9]), array([8, 1]), array([8, 8]), array([9, 1]), array([0, 0]), array([0, 9]), array([6, 2]), array([2, 0]), array([9, 3]), array([2, 4]), array([0, 6]), array([3, 1]), array([5, 7]), array([9, 0]), array([7, 4]), array([9, 5]), array([0, 6]), array([0, 6]), array([9, 0]), array([0, 4]), array([2, 9]), array([9, 1]), array([6, 4]), array([5, 9]), array([9, 0]), array([9, 4]), array([3, 6]), array([2, 0]), array([3, 9]), array([4, 0]), array([2, 2]), array([2, 5]), array([6, 3]), array([9, 8]), array([0, 2]), array([5, 6]), array([7, 5]), array([5, 6]), array([8, 8]), array([0, 0]), array([0, 8]), array([9, 5]), array([9, 8]), array([8, 1]), array([1, 9]), array([9, 5]), array([6, 8]), array([7, 7]), array([3, 8]), array([8, 6])]
m1 = 10
n1 = 10
qe = 1.0295098149822255
te = 0.07717510010921005
dur = 69.36523008346558
