centroides = [[array([ 4.3561408e-01,  3.7771273e-01,  5.6301308e-01, -2.3751566e+00,
       -5.0316590e-01, -6.0257161e-01, -3.8304111e-01,  3.0585951e-01,
        8.7453902e-02,  9.7860092e-01,  6.2869812e-09,  6.2869812e-09,
        3.4675054e-08,  2.0375381e-01,  7.8498346e-01,  2.6808525e-06,
        2.5211842e-08,  9.4632835e-09,  2.4540030e-04,  1.8834406e-04,
        6.2869812e-09,  6.7295940e-03,  9.9267650e-01], dtype=float32), array([ 2.3661985e-01,  3.4776658e-01,  4.0082034e-01, -1.3957884e+00,
       -2.7514461e-01, -1.4222891e+00, -3.8484699e-01,  3.0585742e-01,
       -4.6818335e-02,  6.2032932e-01,  2.3006602e-07,  2.3006602e-07,
        7.1787252e-07,  1.3443400e-01,  6.6262800e-01,  4.8527123e-05,
        3.8232540e-07,  3.3554699e-07,  7.4658338e-03,  5.1502460e-03,
        2.3006602e-07,  2.6506850e-02,  9.5928937e-01], dtype=float32), array([ 6.9408618e-02,  3.4769961e-01,  3.7918001e-01, -1.7324208e-01,
       -1.3242844e-02, -2.5507650e+00, -3.5907969e-01,  3.0583313e-01,
       -1.9503890e-01,  1.3826223e-01,  1.8727385e-06,  1.8727385e-06,
        5.8360292e-06,  2.1556184e-02,  5.1579487e-01,  1.9041900e-04,
        3.0863423e-06,  2.7496878e-06,  3.9756585e-02,  2.8153023e-02,
        1.8727385e-06,  1.6324041e-02,  9.1338485e-01], dtype=float32), array([ 4.8756936e-01,  3.8560578e-01,  8.2537568e-01,  1.9822802e-01,
       -2.0823079e-01, -1.4257956e+00, -3.9298743e-01,  3.0548924e-01,
       -1.4432517e-01,  6.4681220e-01,  2.5454114e-05,  2.5454114e-05,
        7.8432276e-05,  2.3096034e-02,  7.9257590e-01,  1.9171978e-03,
        4.1865296e-05,  3.6567188e-05,  3.6084652e-01,  2.6462808e-01,
        2.5454114e-05,  2.0529963e-02,  3.4638512e-01], dtype=float32), array([ 7.1027583e-01,  4.3141973e-01,  1.1066942e+00,  3.7147024e-01,
       -5.0870931e-01, -6.9311297e-01, -4.0098000e-01,  3.0503827e-01,
       -1.6311172e-01,  9.4437599e-01,  6.0229697e-05,  6.0229697e-05,
        1.6979502e-04,  9.5206331e-03,  9.7522825e-01,  7.7336170e-03,
        9.0103480e-05,  7.9691745e-05,  5.5354285e-01,  4.1583031e-01,
        6.0229697e-05,  5.4066735e-03,  1.8998109e-02], dtype=float32), array([ 0.1105013 ,  1.0925285 ,  1.1530415 ,  0.19930887, -0.20436983,
       -0.3204526 , -0.3932407 ,  0.28264612, -0.13053927,  0.5149768 ,
        0.00136528,  0.00136528,  0.00512807,  0.03470989,  0.7825674 ,
        0.17680629,  0.00276576,  0.00236231,  0.41054443,  0.33045372,
        0.00136528,  0.08165549,  0.1001051 ], dtype=float32), array([-7.57209718e-01,  2.26731396e+00,  1.35936654e+00,  1.10721327e-01,
       -2.01322767e-03,  1.04723506e-01, -9.90730345e-01,  2.01945066e-01,
        4.12316900e-03,  6.27165064e-02,  4.42629773e-03,  4.42629773e-03,
        2.46385075e-02,  1.18908234e-01,  2.71715224e-01,  5.89273036e-01,
        1.34627493e-02,  1.11757740e-02,  1.22428834e-01,  5.36535569e-02,
        4.42629773e-03,  2.76844651e-01,  3.19432825e-01], dtype=float32), array([-0.8181875 ,  2.3057454 ,  1.1071784 ,  0.406891  ,  0.06326566,
        1.3740332 , -2.517346  , -0.00791176,  0.2724779 ,  0.01444265,
        0.0115635 ,  0.0115635 ,  0.07619724,  0.3089312 ,  0.1332989 ,
        0.50656325,  0.04176693,  0.03443038,  0.03771741,  0.01188517,
        0.0115635 ,  0.1195894 ,  0.6594627 ], dtype=float32)], [array([ 1.4188138e-01,  2.6993224e-01,  3.0573310e-02, -1.7930689e+00,
       -3.7544394e-01, -5.4884338e-01, -4.5733556e-01,  3.0585924e-01,
       -1.5659088e-02,  9.6956348e-01,  2.5955455e-08,  2.5955455e-08,
        1.4577466e-07,  1.8473504e-01,  8.0285704e-01,  5.2427487e-05,
        1.0981785e-07,  3.5956845e-08,  6.4141047e-04,  3.9549192e-04,
        2.5955455e-08,  9.0684019e-02,  9.0629584e-01], dtype=float32), array([ 1.8909486e-01,  1.1794276e-01,  1.1421658e-01, -1.1336162e+00,
       -8.3019078e-02, -1.1254756e+00, -5.5741543e-01,  3.0585057e-01,
       -8.0763757e-02,  7.4003083e-01,  6.2491495e-07,  6.2491495e-07,
        2.0407440e-06,  1.1244310e-01,  7.6510102e-01,  5.4423267e-04,
        1.1995958e-06,  8.4115294e-07,  1.1900713e-02,  7.0162024e-03,
        6.2491495e-07,  1.9546297e-01,  7.7036327e-01], dtype=float32), array([ 2.6860836e-01,  1.5885179e-01,  3.3055630e-01, -2.0799863e-01,
        1.2510282e-01, -1.8152119e+00, -4.8998848e-01,  3.0568409e-01,
       -1.3864116e-01,  4.2902160e-01,  1.1522112e-05,  1.1522112e-05,
        3.7428737e-05,  6.0559023e-02,  6.5746945e-01,  2.3406178e-03,
        2.2081467e-05,  1.5347312e-05,  1.0777658e-01,  7.1684584e-02,
        1.1522112e-05,  1.3829470e-01,  6.4094460e-01], dtype=float32), array([ 6.1375862e-01,  3.2931486e-01,  8.5648286e-01,  2.3033489e-01,
        1.7953524e-01, -1.0376412e+00, -3.8514945e-01,  3.0467480e-01,
       -5.0210874e-03,  7.8006059e-01,  8.2283455e-05,  8.2283455e-05,
        2.4840210e-04,  2.1225862e-02,  8.7309289e-01,  3.7985425e-03,
        1.4603052e-04,  1.0237111e-04,  4.0886378e-01,  3.0707738e-01,
        8.2283455e-05,  2.9073674e-02,  1.9833073e-01], dtype=float32), array([ 7.3795187e-01,  4.0703958e-01,  1.0867883e+00,  3.5556373e-01,
        3.2084340e-01, -6.5930080e-01, -3.8536894e-01,  3.0351150e-01,
        9.4960928e-02,  9.6331459e-01,  2.1822708e-04,  2.1822708e-04,
        4.3888172e-04,  4.4272076e-03,  9.8647636e-01,  4.7973585e-03,
        2.5104350e-04,  1.8783913e-04,  5.3865480e-01,  4.1367099e-01,
        2.1822708e-04,  3.1045973e-03,  1.2230520e-02], dtype=float32), array([ 0.33159956,  0.8282346 ,  1.0753906 ,  0.24087422,  0.19658373,
       -0.3710576 , -0.36688405,  0.21176335,  0.07452737,  0.65680933,
        0.00757727,  0.00757727,  0.01874142,  0.03927664,  0.8486243 ,
        0.10467602,  0.01080102,  0.00794036,  0.40566468,  0.35243237,
        0.00757727,  0.04335844,  0.09091754], dtype=float32), array([-0.55227685,  1.9162588 ,  1.0493777 ,  0.27107736,  0.3645971 ,
        0.16947559, -0.85004985, -0.43846664,  0.514417  ,  0.15147406,
        0.05037289,  0.05037289,  0.1578121 ,  0.15831277,  0.42967087,
        0.36306718,  0.09130046,  0.0665117 ,  0.13743515,  0.09651073,
        0.05037289,  0.12967418,  0.27086008], dtype=float32), array([-0.95185494,  2.642247  ,  0.77692646,  0.5737394 ,  0.6359443 ,
        0.61000055, -1.2723235 , -1.4712943 ,  0.9794625 ,  0.03535619,
        0.09326395,  0.09326395,  0.4037982 ,  0.20458603,  0.38157067,
        0.2751779 ,  0.22867638,  0.17512333,  0.03357626,  0.01489799,
        0.09326395,  0.08243643,  0.30773902], dtype=float32)], [array([-7.5856254e-02, -5.0114679e-01, -5.6654024e-01, -6.7693233e-01,
       -1.3970153e-01, -8.3804137e-01, -1.0229816e+00,  3.0585802e-01,
       -1.6806863e-01,  9.2146677e-01,  6.9077799e-08,  6.9077799e-08,
        6.4876554e-07,  1.1851322e-01,  8.7176502e-01,  6.5978203e-04,
        5.4294674e-07,  1.0582125e-07,  1.8597113e-03,  7.3646661e-04,
        6.9077799e-08,  6.2154144e-01,  3.6273515e-01], dtype=float32), array([ 1.8687484e-01, -6.1939716e-01, -4.1302562e-01, -3.4260374e-01,
        2.8849253e-01, -9.4871402e-01, -1.0213211e+00,  3.0584645e-01,
       -2.1264780e-01,  7.6644963e-01,  6.9407457e-07,  6.9407457e-07,
        2.9639375e-06,  6.2807485e-02,  8.9981139e-01,  3.0282300e-03,
        1.9103943e-06,  1.0535318e-06,  1.2295632e-02,  4.2843544e-03,
        6.9407457e-07,  6.0687697e-01,  3.1062114e-01], dtype=float32), array([ 5.7935822e-01, -6.6115022e-01, -2.6581869e-01, -2.6758485e-02,
        4.2222646e-01, -9.1964829e-01, -7.3776090e-01,  3.0550453e-01,
       -1.3140002e-01,  4.6494606e-01,  1.8256547e-05,  1.8256547e-05,
        8.1141116e-05,  5.3284287e-02,  8.3407837e-01,  1.6628411e-02,
        5.2789135e-05,  2.8352139e-05,  1.1232243e-01,  4.5765281e-02,
        1.8256547e-05,  2.6699725e-01,  3.5681754e-01], dtype=float32), array([ 7.3931360e-01, -1.1807756e-01,  3.8353664e-01,  1.8160048e-01,
        6.2460124e-01, -5.0453275e-01, -2.9416409e-01,  3.0211690e-01,
        1.1250502e-01,  7.0127261e-01,  1.9255522e-04,  1.9255522e-04,
        8.5461530e-04,  5.7160016e-02,  8.5542530e-01,  3.0076142e-02,
        5.6226680e-04,  2.9235228e-04,  3.7946793e-01,  1.9810054e-01,
        1.9255522e-04,  4.9895264e-02,  1.3049510e-01], dtype=float32), array([ 0.76996326,  0.25549042,  0.7275666 ,  0.11052514,  0.7436023 ,
       -0.27521062, -0.11760797,  0.28981826,  0.18337204,  0.91128093,
        0.00104396,  0.00104396,  0.00344316,  0.03421799,  0.9374024 ,
        0.01977656,  0.00227228,  0.00117088,  0.3923964 ,  0.28245938,
        0.00104396,  0.00343194,  0.01915208], dtype=float32), array([ 0.49615794,  0.40058577,  0.70988643,  0.24347101,  0.6420708 ,
       -0.19872479, -0.15779446, -0.06541103,  0.33262745,  0.70165145,
        0.02283482,  0.02283482,  0.08100852,  0.10268191,  0.83570117,
        0.04991601,  0.0558613 ,  0.02514741,  0.39760527,  0.24311654,
        0.02283482,  0.01045702,  0.06600972], dtype=float32), array([-0.16717742,  0.8206126 ,  0.43854055,  0.40490055,  0.86518705,
       -0.08110099, -0.36137217, -1.9256252 ,  1.3307799 ,  0.22483002,
        0.13566616,  0.13566616,  0.4884703 ,  0.23663352,  0.6085999 ,
        0.10664158,  0.34990913,  0.13856225,  0.11498476,  0.06930736,
        0.13566616,  0.02610291,  0.09611319], dtype=float32), array([-0.2971223 ,  0.9257213 ,  0.39344653,  0.32290307,  1.3042278 ,
       -0.06162127, -0.39619628, -2.913126  ,  2.5554693 ,  0.10201595,
        0.25190562,  0.25190562,  0.64843065,  0.26029038,  0.60133237,
        0.07408313,  0.45798546,  0.19044693,  0.01235016,  0.00664   ,
        0.25190562,  0.01393968,  0.05139193], dtype=float32)], [array([-3.9681765e-01, -9.0626186e-01, -1.0931125e+00, -3.3965188e-01,
        9.7288154e-03, -9.4263387e-01, -1.3284479e+00,  3.0585849e-01,
       -1.5662277e-01,  9.4910455e-01,  1.5196617e-08,  1.5196617e-08,
        3.0452563e-07,  2.0396596e-01,  7.9253876e-01,  1.0396803e-03,
        2.7557846e-07,  2.8947557e-08,  1.7125233e-03,  7.6349993e-04,
        1.5196617e-08,  8.6048537e-01,  1.2838849e-01], dtype=float32), array([ 1.2895234e-01, -1.0017999e+00, -8.9615351e-01, -2.0505758e-01,
        7.1371153e-02, -8.6646670e-01, -1.0606691e+00,  3.0585167e-01,
       -2.2954293e-01,  5.9498632e-01,  3.2472002e-07,  3.2472002e-07,
        2.0571435e-06,  1.2937036e-01,  8.2843280e-01,  1.2206675e-02,
        1.4164085e-06,  6.4073362e-07,  2.2514196e-02,  5.8362070e-03,
        3.2472002e-07,  5.0526768e-01,  3.4292606e-01], dtype=float32), array([ 8.2105678e-01, -1.1705314e+00, -7.0296723e-01,  9.5346093e-02,
        3.4931645e-01, -6.6560352e-01, -6.9699377e-01,  3.0572590e-01,
       -1.8195437e-01,  1.4803438e-01,  4.6749633e-06,  4.6749633e-06,
        3.2850869e-05,  6.2937841e-02,  8.1977439e-01,  4.0180199e-02,
        2.2700429e-05,  1.0150425e-05,  9.9605404e-02,  1.6203463e-02,
        4.6749633e-06,  8.9662932e-02,  4.4442898e-01], dtype=float32), array([ 7.0813996e-01, -6.9549215e-01, -2.7470967e-01,  2.7623308e-01,
        8.0842799e-01, -6.7068152e-02, -5.5145279e-02,  3.0311021e-01,
        2.0501958e-01,  3.8738859e-01,  9.0066736e-05,  9.0066736e-05,
        6.7933724e-04,  2.1997340e-01,  5.9265989e-01,  1.1890096e-01,
        4.7478781e-04,  2.0454860e-04,  4.7699624e-01,  6.1714437e-02,
        9.0066736e-05,  2.2006651e-02,  1.4176533e-01], dtype=float32), array([ 6.6002309e-01, -3.3390757e-01,  9.3321919e-02,  3.4315196e-01,
        9.0495282e-01,  2.0015343e-01,  2.5095978e-01,  2.8664565e-01,
        2.2260767e-01,  6.9766396e-01,  6.8805320e-04,  6.8805320e-04,
        4.6862927e-03,  2.3660399e-01,  6.6799206e-01,  8.2978748e-02,
        3.3257171e-03,  1.3605747e-03,  6.9412851e-01,  6.9968320e-02,
        6.8805320e-04,  1.8713784e-03,  2.4410006e-02], dtype=float32), array([ 0.46674308, -0.21009743,  0.09502737,  0.3483537 ,  0.8639462 ,
        0.16808453,  0.21877848, -0.16277558,  0.28444487,  0.5424678 ,
        0.01362316,  0.01362316,  0.11745303,  0.28262693,  0.6577956 ,
        0.04938457,  0.08761895,  0.02983381,  0.4814042 ,  0.11813655,
        0.01362316,  0.00294437,  0.01956381], dtype=float32), array([-0.02538701, -0.08027949, -0.18921117,  0.63261425,  0.829499  ,
       -0.24169175, -0.13440655, -2.3597147 ,  0.72212404,  0.22869238,
        0.05982102,  0.05982102,  0.6857292 ,  0.32522675,  0.58495   ,
        0.05831439,  0.5388468 ,  0.14688289,  0.09785824,  0.0462037 ,
        0.05982102,  0.00650001,  0.01797711], dtype=float32), array([-2.1103185e-01, -2.8604856e-01, -5.7422727e-01,  4.8181915e-01,
        7.4789995e-01, -6.3985503e-01, -4.2414999e-01, -3.1929986e+00,
        6.0976446e-01,  2.1108177e-01,  4.5149952e-02,  4.5149952e-02,
        9.3346393e-01,  4.0627271e-01,  4.7574508e-01,  7.6689802e-02,
        8.2064319e-01,  1.1282265e-01,  4.1519785e-03,  2.9895694e-03,
        4.5149952e-02,  2.4914036e-03,  4.5227883e-03], dtype=float32)], [array([-8.1590426e-01, -9.2496693e-01, -1.5157309e+00, -8.2922900e-01,
       -2.6307231e-01, -8.9215976e-01, -1.2719721e+00,  3.0585286e-01,
       -2.1578498e-01,  9.1034967e-01,  3.3136825e-08,  3.3136825e-08,
        2.0751982e-06,  4.5102814e-01,  5.3825665e-01,  7.8763729e-03,
        1.9918614e-06,  8.3333831e-08,  1.5253813e-02,  1.0348094e-02,
        3.3136825e-08,  4.7187915e-01,  4.9034703e-01], dtype=float32), array([-1.47267923e-01, -9.90725875e-01, -1.12294543e+00, -3.25024903e-01,
       -1.01737767e-01, -6.51750743e-01, -8.59860063e-01,  3.05841297e-01,
       -2.27803051e-01,  5.51416397e-01,  4.67950883e-07,  4.67950883e-07,
        4.57004990e-06,  2.94055432e-01,  6.16472721e-01,  6.89675584e-02,
        3.33810158e-06,  1.23195775e-06,  1.06869906e-01,  4.32266332e-02,
        4.67950883e-07,  3.45969141e-01,  4.04563963e-01], dtype=float32), array([ 4.56347346e-01, -9.36993957e-01, -6.90455317e-01,  1.98169366e-01,
        4.01756614e-01, -5.63382879e-02, -1.05674893e-01,  3.05698752e-01,
       -6.50227293e-02,  1.57599628e-01,  3.68967790e-06,  3.68967790e-06,
        4.11578512e-05,  2.85149664e-01,  4.73022252e-01,  2.02217117e-01,
        2.93239609e-05,  1.18338885e-05,  4.10709798e-01,  8.77045915e-02,
        3.68967790e-06,  6.64728433e-02,  2.15341926e-01], dtype=float32), array([ 4.3223625e-01, -7.2905999e-01, -4.8291597e-01,  3.6881125e-01,
        7.8856909e-01,  3.8801658e-01,  3.9044875e-01,  3.0508447e-01,
        1.6466840e-01,  2.0014518e-01,  1.4708293e-05,  1.4708293e-05,
        2.0191657e-04,  4.4714734e-01,  2.5567797e-01,  2.8015947e-01,
        1.4515470e-04,  5.6762045e-05,  6.9102490e-01,  8.0466166e-02,
        1.4708293e-05,  3.9847461e-03,  4.1349515e-02], dtype=float32), array([ 5.1625830e-01, -5.1230729e-01, -1.7341635e-01,  3.5932514e-01,
        9.2371613e-01,  3.9824599e-01,  4.5034415e-01,  3.0004907e-01,
        1.7201810e-01,  5.2405381e-01,  1.0216780e-04,  1.0216780e-04,
        1.5233008e-03,  7.0653015e-01,  2.2965792e-01,  5.9978809e-02,
        1.0822230e-03,  4.4107687e-04,  6.5187413e-01,  8.6791717e-02,
        1.0216780e-04,  5.1511533e-04,  6.8897163e-03], dtype=float32), array([ 0.3615589 , -0.43671268, -0.09472423,  0.2890114 ,  0.8004786 ,
        0.44770333,  0.46678215,  0.15320845,  0.12426163,  0.3221908 ,
        0.00171486,  0.00171486,  0.04098168,  0.3798253 ,  0.5930499 ,
        0.02441427,  0.02908973,  0.01189187,  0.38500717,  0.22117049,
        0.00171486,  0.00419028,  0.00931194], dtype=float32), array([ 0.17899363, -0.21562184, -0.04169376,  0.7004514 ,  0.6884206 ,
        0.16206971,  0.2753339 , -1.3246514 ,  0.23466204,  0.1924137 ,
        0.01134291,  0.01134291,  0.44470268,  0.34105152,  0.6155614 ,
        0.03001813,  0.31216255,  0.1325418 ,  0.10894182,  0.15171577,
        0.01134291,  0.03128998,  0.03221612], dtype=float32), array([ 0.07827476, -0.09491733, -0.08101337,  1.5273113 ,  0.6858443 ,
        0.01173074,  0.2307453 , -2.7878366 ,  0.36198562,  0.10963754,
        0.01148356,  0.01148356,  0.8538087 ,  0.20200722,  0.75278676,
        0.02899727,  0.52632886,  0.3274791 ,  0.01006117,  0.01852855,
        0.01148356,  0.03420952,  0.02633073], dtype=float32)], [array([-1.2932034e+00, -7.4426645e-01, -1.5978590e+00, -4.3168768e-01,
       -3.4573731e-01, -1.3310422e-01, -3.8239402e-01,  3.0580115e-01,
       -2.8270316e-01,  5.5304205e-01,  7.5932157e-08,  7.5932157e-08,
        1.6119720e-05,  5.1608688e-01,  4.3992084e-01,  4.1342363e-02,
        1.5866321e-05,  2.5344377e-07,  1.7622499e-01,  1.5480734e-01,
        7.5932157e-08,  2.6884738e-01,  3.8428059e-01], dtype=float32), array([-5.5694401e-01, -7.7392435e-01, -1.1574112e+00, -5.2730814e-02,
       -1.8049300e-01,  1.3238651e-01, -8.1232907e-03,  3.0582672e-01,
       -2.4672742e-01,  3.0252314e-01,  5.0427519e-07,  5.0427519e-07,
        8.1683329e-06,  4.4505164e-01,  3.5110593e-01,  1.9674426e-01,
        6.4075643e-06,  1.7607764e-06,  3.6814624e-01,  1.8804473e-01,
        5.0427519e-07,  1.4888208e-01,  2.3770858e-01], dtype=float32), array([ 1.6784823e-01, -7.4254209e-01, -6.6336530e-01,  3.2492909e-01,
        7.4340887e-02,  4.7981605e-01,  4.4030747e-01,  3.0580112e-01,
       -1.5477592e-01,  7.2426476e-02,  9.7564907e-07,  9.7564907e-07,
        1.5454374e-05,  4.2782190e-01,  2.0878388e-01,  3.5767642e-01,
        1.1145646e-05,  4.3087421e-06,  6.3657814e-01,  2.1647546e-01,
        9.7564907e-07,  1.7991550e-02,  4.5115415e-02], dtype=float32), array([ 2.9366595e-01, -5.8921677e-01, -4.0195736e-01,  4.0198183e-01,
        2.6491597e-01,  5.4727799e-01,  5.1387727e-01,  3.0564782e-01,
       -6.7131676e-02,  1.2323721e-01,  2.2618881e-06,  2.2618881e-06,
        5.7372061e-05,  6.1611915e-01,  2.5368938e-01,  1.2805592e-01,
        4.2005875e-05,  1.5366277e-05,  8.1490445e-01,  1.0557692e-01,
        2.2618881e-06,  1.0766278e-03,  6.5809400e-03], dtype=float32), array([ 4.2815146e-01, -5.7580489e-01, -1.7439918e-01,  3.4971246e-01,
        3.5182911e-01,  4.5752579e-01,  4.8248145e-01,  3.0335939e-01,
       -1.2192776e-03,  3.6196920e-01,  2.2469778e-05,  2.2469778e-05,
        6.7736476e-04,  6.6146547e-01,  2.9021165e-01,  4.7485016e-02,
        4.7462946e-04,  2.0273657e-04,  5.1001805e-01,  3.2481644e-01,
        2.2469778e-05,  1.1417536e-03,  5.2114516e-03], dtype=float32), array([ 3.14025432e-01, -5.08877337e-01,  1.01109326e-01,  2.39478469e-01,
        3.92231524e-01,  4.68288094e-01,  5.12444615e-01,  2.78175503e-01,
       -1.90266892e-02,  3.17577362e-01,  1.37912677e-04,  1.37912677e-04,
        7.60566304e-03,  4.04849589e-01,  5.80026448e-01,  1.47393113e-02,
        4.79379902e-03,  2.81187776e-03,  1.52455747e-01,  5.79306602e-01,
        1.37912677e-04,  1.08749596e-02,  2.12764554e-02], dtype=float32), array([ 0.36231965, -0.0596353 ,  0.3739015 ,  0.26553974,  0.49719903,
        0.52277523,  0.60298294, -0.01994817,  0.0253682 ,  0.14291184,
        0.00094575,  0.00094575,  0.0901818 ,  0.4508926 ,  0.53059506,
        0.01664039,  0.05456661,  0.03561512,  0.0612502 ,  0.24894874,
        0.00094575,  0.12369183,  0.12550563], dtype=float32), array([ 0.441766  ,  0.03444241,  0.39114758,  0.3874072 ,  0.44285822,
        0.4566915 ,  0.83125293, -0.54548365,  0.06221648,  0.07742026,
        0.00206989,  0.00206989,  0.23604673,  0.23553924,  0.7497829 ,
        0.01068494,  0.1416852 ,  0.09436209,  0.01528862,  0.05143551,
        0.00206989,  0.31966683,  0.23550905], dtype=float32)], [array([-2.4660456e+00, -3.8141733e-01, -1.8904796e+00,  1.3702703e-01,
       -5.2638352e-01,  1.0838381e+00,  1.0106286e+00,  3.0584967e-01,
       -3.8971770e-01,  4.5949042e-02,  5.4736065e-09,  5.4736065e-09,
        2.7945478e-06,  5.3396875e-01,  4.4677439e-01,  1.9064637e-02,
        2.7704668e-06,  2.4071042e-08,  3.5331792e-01,  3.6290476e-01,
        5.4736065e-09,  2.0680983e-02,  2.6077121e-01], dtype=float32), array([-1.4742340e+00, -5.2635241e-01, -1.4352610e+00,  2.2483760e-01,
       -4.6478254e-01,  8.8291723e-01,  8.1547761e-01,  3.0585402e-01,
       -3.5213736e-01,  4.8105445e-02,  6.7224683e-08,  6.7224683e-08,
        1.9203239e-06,  5.1237053e-01,  3.4190470e-01,  1.4500575e-01,
        1.6003075e-06,  3.2002654e-07,  4.9319029e-01,  3.1771791e-01,
        6.7224683e-08,  1.9246802e-02,  1.5442993e-01], dtype=float32), array([-6.1497446e-03, -6.4938456e-01, -6.5374261e-01,  3.7110704e-01,
       -4.9742305e-01,  6.2834185e-01,  5.7465082e-01,  3.0584684e-01,
       -3.1554464e-01,  4.4168588e-02,  1.6575589e-07,  1.6575589e-07,
        3.4351176e-06,  4.5912474e-01,  2.5750935e-01,  2.8279278e-01,
        2.4863552e-06,  9.4875463e-07,  7.4275202e-01,  1.9537462e-01,
        1.6575589e-07,  3.3087875e-03,  2.8070113e-02], dtype=float32), array([ 3.26256365e-01, -6.30394876e-01, -3.20720851e-01,  4.13313329e-01,
       -5.43984950e-01,  5.24839222e-01,  5.21928072e-01,  3.05816561e-01,
       -2.71554679e-01,  1.66308299e-01,  2.70511237e-07,  2.70511237e-07,
        1.15052344e-05,  6.31564677e-01,  2.63909370e-01,  1.04316704e-01,
        8.57292071e-06,  2.93233575e-06,  7.25985408e-01,  2.23887786e-01,
        2.70511237e-07,  4.05592116e-04,  4.11707629e-03], dtype=float32), array([ 4.8316047e-01, -5.5851239e-01,  5.1921178e-02,  3.9109734e-01,
       -4.7683382e-01,  3.8076407e-01,  4.1556600e-01,  3.0550554e-01,
       -2.2720920e-01,  5.5556881e-01,  1.7690203e-06,  1.7690203e-06,
        9.7293123e-05,  6.0906148e-01,  3.5558835e-01,  3.5271343e-02,
        7.0383219e-05,  2.6910036e-05,  5.7024699e-01,  3.4161270e-01,
        1.7690203e-06,  2.0304299e-03,  1.4772544e-02], dtype=float32), array([ 3.7381831e-01, -2.8917742e-01,  2.7430052e-01,  2.1795203e-01,
       -2.2577487e-01,  4.8754367e-01,  5.0975686e-01,  3.0196416e-01,
       -1.8816796e-01,  2.8951249e-01,  1.2957149e-05,  1.2957149e-05,
        1.0766960e-03,  5.4487413e-01,  4.1892299e-01,  3.6142536e-02,
        6.9514912e-04,  3.8154723e-04,  1.7393667e-01,  5.2959484e-01,
        1.2957149e-05,  2.9474465e-02,  9.4678849e-02], dtype=float32), array([ 4.4165722e-01,  1.6351035e-01,  5.8096045e-01,  7.0207924e-02,
        2.9496484e-02,  5.9538174e-01,  6.8978167e-01,  2.8598556e-01,
       -3.1733956e-02,  1.1052344e-01,  3.4055447e-05,  3.4055447e-05,
        5.5249827e-03,  4.9023804e-01,  4.7308600e-01,  3.6569964e-02,
        3.0968555e-03,  2.4281270e-03,  6.0344256e-02,  1.4861251e-01,
        3.4055447e-05,  1.9143586e-01,  3.3267257e-01], dtype=float32), array([ 6.2472886e-01,  8.6690895e-02,  5.6652188e-01, -1.3564523e-01,
        2.5161257e-01,  6.0766125e-01,  1.1997719e+00,  2.8151342e-01,
       -3.9141234e-02,  5.4156013e-02,  3.1237370e-05,  3.1237370e-05,
        6.7787855e-03,  1.4162035e-01,  8.5432559e-01,  3.9604516e-03,
        3.6717651e-03,  3.1070274e-03,  5.7688500e-03,  1.2388111e-02,
        3.1237370e-05,  5.4332721e-01,  3.7975428e-01], dtype=float32)], [array([-2.6745203e+00, -3.2783210e-01, -1.9575733e+00,  2.3782279e-01,
       -5.2980065e-01,  1.2100878e+00,  1.1520865e+00,  3.0585951e-01,
       -4.2878982e-01,  7.8387238e-04,  9.8417656e-11,  9.8417656e-11,
        1.5282441e-07,  5.3685868e-01,  4.6135902e-01,  1.7798820e-03,
        1.5228429e-07,  5.4031868e-10,  4.4966352e-01,  4.8622334e-01,
        9.8417656e-11,  3.3097269e-04,  6.3682631e-02], dtype=float32), array([-2.0985796e+00, -4.3692654e-01, -1.7137723e+00,  2.3303190e-01,
       -5.9715450e-01,  1.0966166e+00,  1.0411140e+00,  3.0585802e-01,
       -4.0146878e-01,  8.2661808e-03,  6.8357360e-09,  6.8357360e-09,
        5.4484150e-07,  5.6323171e-01,  3.8529775e-01,  5.1426060e-02,
        5.0025511e-07,  4.4588347e-08,  4.3668264e-01,  3.7827668e-01,
        6.8357360e-09,  1.5842189e-03,  1.7944857e-01], dtype=float32), array([-2.2670662e-01, -6.2838548e-01, -7.3013639e-01,  3.5724318e-01,
       -9.3704861e-01,  6.6712415e-01,  6.3960230e-01,  3.0585358e-01,
       -4.3642813e-01,  5.1584031e-02,  5.7699598e-08,  5.7699598e-08,
        1.5599030e-06,  5.6679070e-01,  2.7137429e-01,  1.6175739e-01,
        1.1492700e-06,  4.1063285e-07,  6.2249112e-01,  3.0525225e-01,
        5.7699598e-08,  7.6894381e-04,  4.6272859e-02], dtype=float32), array([ 2.7413777e-01, -6.5477002e-01, -2.6529124e-01,  3.3500764e-01,
       -1.1617271e+00,  5.1974463e-01,  5.3600812e-01,  3.0585274e-01,
       -4.4770128e-01,  1.7539209e-01,  4.9153282e-08,  4.9153282e-08,
        2.0521213e-06,  4.9750462e-01,  4.0253749e-01,  9.9938758e-02,
        1.5407162e-06,  5.1141171e-07,  4.8981667e-01,  4.4996247e-01,
        4.9153282e-08,  2.5760860e-04,  5.8619976e-03], dtype=float32), array([ 2.5453404e-01, -7.2182184e-01,  3.4880546e-01,  3.4050238e-01,
       -9.7139055e-01,  3.7502590e-01,  4.7474506e-01,  3.0581486e-01,
       -3.8081837e-01,  5.8770531e-01,  1.5637539e-07,  1.5637539e-07,
        1.2277105e-05,  5.8279002e-01,  3.7153417e-01,  4.5668934e-02,
        9.4065936e-06,  2.8704683e-06,  2.6625437e-01,  6.6194224e-01,
        1.5637539e-07,  2.7520235e-03,  2.8162392e-02], dtype=float32), array([ 3.9375880e-01, -7.9289302e-02,  4.7980726e-01,  2.2271226e-01,
       -8.0502760e-01,  5.0980562e-01,  5.3342474e-01,  3.0550861e-01,
       -3.4930757e-01,  3.0020711e-01,  9.3231927e-07,  9.3231927e-07,
        9.7551041e-05,  6.1248392e-01,  2.9002696e-01,  9.7481795e-02,
        7.3304080e-05,  2.4247176e-05,  2.1513681e-01,  4.4161573e-01,
        9.3231927e-07,  3.3659164e-02,  1.7804156e-01], dtype=float32), array([ 4.7442901e-01,  2.7327126e-01,  6.3710696e-01, -4.6529952e-02,
       -5.9931749e-01,  5.9890926e-01,  6.7214400e-01,  3.0491859e-01,
       -1.6681220e-01,  1.5536354e-01,  1.8670610e-06,  1.8670610e-06,
        2.6129498e-04,  4.9146387e-01,  4.8616347e-01,  2.2364870e-02,
        1.8240410e-04,  7.8891018e-05,  4.0462252e-02,  9.3206070e-02,
        1.8670610e-06,  1.4346981e-01,  5.0250572e-01], dtype=float32), array([ 6.9858176e-01,  2.1294525e-01,  5.4503810e-01, -4.9689168e-01,
       -2.5305814e-01,  6.7781550e-01,  1.1846582e+00,  3.0406275e-01,
       -1.1165732e-02,  2.8579313e-01,  3.5051878e-06,  3.5051878e-06,
        4.9977191e-04,  3.8429528e-01,  6.1183333e-01,  3.8582417e-03,
        3.4602417e-04,  1.5374886e-04,  7.3080803e-03,  1.4354491e-02,
        3.5051878e-06,  2.1350037e-01,  6.9761491e-01], dtype=float32)]]
mapped = [array([7, 0]), array([0, 4]), array([0, 4]), array([4, 7]), array([7, 4]), array([5, 3]), array([7, 5]), array([7, 0]), array([4, 7]), array([7, 1]), array([1, 6]), array([5, 3]), array([4, 7]), array([4, 3]), array([7, 0]), array([0, 5]), array([1, 4]), array([0, 4]), array([7, 6]), array([7, 5]), array([7, 0]), array([3, 2]), array([0, 7]), array([3, 0]), array([7, 2]), array([6, 4]), array([1, 1]), array([5, 3]), array([6, 6]), array([3, 7]), array([7, 0]), array([0, 4]), array([6, 3]), array([5, 5]), array([7, 0]), array([7, 2]), array([5, 3]), array([6, 6]), array([6, 7]), array([0, 2]), array([0, 0]), array([4, 5]), array([1, 0]), array([1, 4]), array([0, 0]), array([7, 0]), array([0, 4]), array([7, 0]), array([4, 7]), array([0, 4]), array([1, 4]), array([7, 0]), array([6, 3]), array([0, 4]), array([0, 6]), array([4, 0]), array([7, 3]), array([2, 1]), array([1, 4]), array([0, 6]), array([1, 4]), array([2, 4]), array([2, 7]), array([0, 4]), array([5, 3]), array([6, 3]), array([5, 3]), array([7, 0]), array([1, 0]), array([6, 2]), array([5, 3]), array([7, 0]), array([7, 2]), array([6, 6]), array([5, 5]), array([4, 4]), array([6, 7]), array([6, 6]), array([2, 4]), array([0, 0]), array([3, 0]), array([6, 4]), array([1, 4]), array([7, 3]), array([6, 4]), array([6, 7]), array([0, 0]), array([5, 2]), array([0, 0]), array([4, 4]), array([3, 2]), array([7, 3]), array([1, 4]), array([7, 0]), array([6, 7]), array([0, 6]), array([3, 4]), array([4, 1]), array([7, 4]), array([0, 6]), array([2, 4]), array([0, 7]), array([1, 5]), array([2, 4]), array([0, 4]), array([0, 0]), array([4, 7]), array([0, 0]), array([2, 1]), array([3, 7]), array([3, 2]), array([4, 4]), array([6, 4]), array([0, 0]), array([4, 4]), array([1, 0]), array([0, 0]), array([1, 0]), array([0, 4]), array([0, 0]), array([7, 3]), array([3, 0]), array([7, 2]), array([1, 4]), array([7, 4]), array([2, 4]), array([0, 7]), array([6, 7]), array([6, 7]), array([0, 6]), array([5, 5]), array([7, 3]), array([5, 6]), array([0, 4]), array([6, 3]), array([3, 2]), array([5, 3]), array([4, 4]), array([5, 5]), array([2, 7]), array([7, 0]), array([0, 0]), array([0, 6]), array([5, 2]), array([3, 4]), array([0, 7]), array([2, 4]), array([7, 5]), array([3, 2]), array([3, 0]), array([2, 1]), array([3, 0]), array([1, 4]), array([0, 0]), array([7, 0]), array([7, 0]), array([7, 0]), array([6, 2]), array([3, 2]), array([5, 3]), array([4, 3]), array([6, 7]), array([7, 0]), array([1, 0]), array([5, 5]), array([7, 6]), array([0, 2]), array([7, 4]), array([4, 7]), array([5, 5]), array([1, 0]), array([6, 7]), array([6, 7]), array([5, 2]), array([7, 3]), array([3, 7]), array([0, 6]), array([0, 0]), array([7, 0]), array([5, 5]), array([4, 0]), array([2, 4]), array([0, 4]), array([7, 2]), array([7, 6]), array([0, 0]), array([0, 7]), array([7, 0]), array([7, 2]), array([0, 0]), array([7, 7]), array([7, 3]), array([3, 4]), array([0, 2]), array([7, 0]), array([6, 3]), array([1, 4]), array([3, 7]), array([7, 0]), array([1, 7]), array([4, 0]), array([6, 7]), array([3, 7]), array([6, 3]), array([0, 4]), array([4, 7]), array([5, 5]), array([3, 0]), array([7, 0]), array([0, 0]), array([5, 3]), array([4, 7]), array([2, 4]), array([0, 2]), array([3, 0]), array([3, 2]), array([6, 2]), array([6, 7]), array([0, 4]), array([1, 0]), array([1, 6]), array([1, 7]), array([7, 2]), array([6, 7]), array([3, 0]), array([6, 3]), array([7, 0]), array([7, 2]), array([3, 7]), array([7, 5]), array([6, 3]), array([5, 6]), array([7, 3]), array([4, 5]), array([7, 3]), array([3, 2]), array([1, 0]), array([0, 4]), array([5, 5]), array([7, 7]), array([4, 7]), array([5, 2]), array([5, 3]), array([0, 6]), array([4, 4]), array([6, 2]), array([4, 0]), array([7, 0]), array([1, 4]), array([6, 7]), array([2, 1]), array([3, 7]), array([4, 7]), array([5, 3]), array([4, 7]), array([7, 7]), array([0, 2]), array([7, 3]), array([0, 4]), array([1, 6]), array([1, 4]), array([3, 4]), array([7, 5]), array([7, 0]), array([4, 5]), array([3, 0]), array([7, 4]), array([7, 6]), array([7, 5]), array([0, 2]), array([0, 4]), array([2, 1]), array([4, 4]), array([4, 4]), array([3, 2]), array([1, 4]), array([6, 7]), array([0, 6]), array([4, 3]), array([5, 4]), array([4, 4]), array([0, 7]), array([0, 7]), array([6, 4]), array([4, 4]), array([5, 5]), array([5, 5]), array([4, 4]), array([7, 5]), array([5, 2]), array([7, 6]), array([0, 6]), array([7, 0]), array([0, 4]), array([7, 7]), array([0, 0]), array([4, 5]), array([2, 7]), array([4, 0]), array([0, 0]), array([5, 3]), array([4, 3]), array([0, 0]), array([3, 4]), array([5, 3]), array([6, 7]), array([3, 7]), array([2, 4]), array([3, 7]), array([1, 4]), array([0, 0]), array([2, 0]), array([2, 1]), array([4, 3]), array([2, 4]), array([1, 6]), array([2, 4]), array([1, 4]), array([5, 3]), array([7, 6]), array([3, 2]), array([0, 0]), array([3, 2]), array([0, 6]), array([4, 7]), array([6, 4]), array([6, 7]), array([1, 4]), array([1, 4]), array([4, 4]), array([7, 0]), array([0, 0]), array([1, 4]), array([6, 7]), array([2, 4]), array([0, 0]), array([0, 6]), array([7, 2]), array([4, 7]), array([0, 6]), array([6, 4]), array([2, 4]), array([7, 6]), array([6, 4]), array([1, 7]), array([6, 5]), array([5, 4]), array([0, 6]), array([6, 2]), array([5, 5]), array([7, 0]), array([7, 6]), array([5, 4]), array([7, 0]), array([7, 4]), array([2, 7]), array([6, 7]), array([7, 3]), array([1, 4]), array([6, 7]), array([6, 4]), array([7, 0]), array([3, 7]), array([7, 0]), array([0, 0]), array([3, 2]), array([5, 2]), array([6, 7]), array([4, 5]), array([7, 4]), array([7, 0]), array([4, 0]), array([0, 4]), array([5, 3]), array([4, 4]), array([7, 3]), array([6, 4]), array([4, 0]), array([0, 4]), array([3, 5]), array([0, 2]), array([6, 7]), array([7, 5]), array([0, 0]), array([6, 7]), array([3, 0]), array([3, 4]), array([2, 4]), array([4, 4]), array([6, 6]), array([0, 0]), array([3, 2]), array([0, 7]), array([1, 4]), array([0, 7]), array([3, 7]), array([7, 0]), array([5, 5]), array([6, 7]), array([3, 0]), array([1, 4]), array([2, 4]), array([7, 5]), array([0, 6]), array([6, 7]), array([3, 0]), array([3, 7]), array([0, 2]), array([5, 3]), array([3, 2]), array([0, 4]), array([3, 7]), array([7, 0]), array([5, 3]), array([6, 6]), array([5, 5]), array([4, 3]), array([0, 2]), array([4, 7]), array([4, 4]), array([6, 7]), array([0, 7]), array([1, 4]), array([5, 5]), array([2, 7]), array([0, 4]), array([2, 1]), array([4, 1]), array([3, 0]), array([3, 2]), array([3, 2]), array([3, 2]), array([1, 0]), array([5, 3]), array([7, 7]), array([0, 6]), array([6, 5]), array([5, 5]), array([6, 2]), array([7, 0]), array([6, 7]), array([7, 5]), array([3, 7]), array([3, 0]), array([2, 4]), array([1, 4]), array([7, 4]), array([6, 7]), array([2, 1]), array([7, 4]), array([4, 5]), array([0, 6]), array([1, 4]), array([6, 6]), array([3, 4]), array([3, 7]), array([7, 3]), array([5, 3]), array([3, 2]), array([6, 0]), array([6, 7]), array([1, 7]), array([1, 0]), array([6, 4]), array([0, 0]), array([0, 7]), array([0, 0]), array([4, 7]), array([4, 4]), array([7, 0]), array([7, 5]), array([0, 2]), array([7, 6]), array([3, 0]), array([1, 4]), array([3, 2]), array([0, 6]), array([6, 7]), array([3, 2]), array([4, 3]), array([4, 3]), array([2, 4]), array([4, 0]), array([1, 1]), array([1, 0]), array([7, 6]), array([5, 5]), array([0, 2]), array([6, 7]), array([2, 1]), array([7, 7]), array([6, 6]), array([6, 7]), array([0, 4]), array([6, 3]), array([1, 0]), array([0, 2]), array([6, 2]), array([4, 5]), array([2, 7]), array([3, 2]), array([7, 0]), array([7, 3]), array([0, 2]), array([7, 0]), array([5, 2]), array([4, 7]), array([4, 3]), array([7, 5]), array([6, 5]), array([0, 6]), array([0, 0]), array([7, 0]), array([7, 0]), array([7, 5]), array([7, 3]), array([6, 7]), array([0, 0]), array([0, 7]), array([5, 5]), array([3, 4]), array([0, 0]), array([6, 4]), array([1, 0]), array([6, 7]), array([3, 7]), array([5, 2]), array([0, 0]), array([2, 1]), array([0, 2]), array([3, 2]), array([6, 7]), array([7, 3]), array([0, 4]), array([7, 3]), array([0, 2]), array([2, 7]), array([7, 6]), array([6, 7]), array([3, 7]), array([0, 0]), array([7, 2]), array([3, 0]), array([5, 6]), array([7, 7]), array([4, 7]), array([3, 7]), array([3, 7]), array([1, 0]), array([5, 6]), array([2, 4]), array([3, 2]), array([1, 0]), array([3, 7]), array([1, 0]), array([7, 0]), array([1, 4]), array([4, 7]), array([7, 6]), array([1, 7]), array([6, 7]), array([3, 7]), array([7, 0]), array([3, 2]), array([6, 4]), array([3, 4]), array([4, 0]), array([6, 0]), array([7, 5]), array([6, 4]), array([3, 4]), array([1, 7]), array([0, 4]), array([4, 4]), array([0, 2]), array([4, 5]), array([1, 0]), array([0, 0]), array([0, 4]), array([0, 0]), array([3, 4]), array([5, 3]), array([2, 4]), array([0, 6]), array([5, 2]), array([1, 6]), array([7, 7]), array([3, 7]), array([7, 0]), array([7, 5]), array([5, 4]), array([6, 5]), array([4, 7]), array([5, 4]), array([6, 4]), array([6, 4]), array([3, 7]), array([3, 7]), array([5, 3]), array([5, 5]), array([5, 2]), array([2, 1]), array([3, 4]), array([3, 0]), array([1, 7]), array([7, 0]), array([7, 0]), array([6, 6]), array([3, 2]), array([3, 2]), array([4, 3]), array([0, 2]), array([1, 0]), array([6, 6]), array([3, 2]), array([5, 5]), array([4, 5]), array([3, 7]), array([6, 4]), array([7, 0]), array([7, 0]), array([7, 7]), array([7, 2]), array([5, 2]), array([7, 4]), array([1, 4]), array([4, 3]), array([6, 4]), array([0, 2]), array([1, 4]), array([7, 7]), array([7, 0]), array([4, 4]), array([0, 2]), array([3, 2]), array([6, 7]), array([6, 3]), array([4, 7]), array([0, 0]), array([0, 4]), array([5, 3]), array([4, 0]), array([7, 0]), array([1, 4]), array([5, 3]), array([0, 2]), array([1, 0]), array([7, 0]), array([3, 0]), array([1, 4]), array([6, 6]), array([3, 0]), array([1, 4]), array([1, 0]), array([3, 4]), array([3, 0]), array([1, 4]), array([3, 7]), array([7, 6]), array([6, 4]), array([0, 4]), array([4, 5]), array([0, 0]), array([2, 4]), array([2, 7]), array([4, 7]), array([6, 7]), array([7, 0]), array([7, 3]), array([6, 7]), array([3, 0]), array([5, 4]), array([3, 0]), array([1, 4]), array([2, 7]), array([0, 4]), array([7, 3]), array([7, 7]), array([6, 7]), array([0, 2]), array([1, 6]), array([2, 7]), array([3, 2]), array([1, 4]), array([1, 4]), array([2, 7]), array([3, 7]), array([3, 7]), array([0, 6]), array([7, 0]), array([0, 0]), array([0, 7]), array([3, 7]), array([6, 4]), array([5, 5]), array([7, 0]), array([7, 6]), array([5, 5]), array([7, 7]), array([0, 2]), array([6, 6]), array([0, 2]), array([2, 7]), array([0, 2]), array([0, 2]), array([3, 4]), array([0, 6]), array([4, 7]), array([5, 5]), array([1, 7]), array([5, 2]), array([3, 0]), array([6, 7]), array([7, 7]), array([3, 0]), array([5, 5]), array([7, 4]), array([7, 7]), array([3, 7]), array([2, 4]), array([5, 2]), array([7, 7]), array([2, 4]), array([0, 4]), array([1, 4]), array([0, 4]), array([7, 0]), array([4, 0]), array([0, 0]), array([4, 7]), array([7, 0]), array([6, 2]), array([3, 2]), array([5, 5]), array([2, 7]), array([0, 2]), array([7, 1]), array([0, 4]), array([0, 7]), array([0, 2]), array([7, 2]), array([0, 4]), array([0, 0]), array([6, 7]), array([2, 0]), array([7, 7]), array([6, 3]), array([0, 7]), array([1, 4]), array([3, 7]), array([4, 4]), array([7, 7]), array([3, 7]), array([4, 0]), array([3, 7]), array([0, 4]), array([0, 4]), array([2, 4]), array([7, 0]), array([0, 4]), array([7, 0]), array([5, 5]), array([0, 4]), array([3, 7]), array([0, 2]), array([7, 5]), array([1, 0]), array([5, 3]), array([7, 2]), array([0, 4]), array([6, 7]), array([0, 4]), array([0, 0]), array([0, 0]), array([3, 7]), array([0, 6]), array([0, 0]), array([0, 0]), array([0, 4]), array([1, 0]), array([6, 3]), array([1, 0]), array([6, 7]), array([4, 7]), array([0, 4]), array([6, 7]), array([1, 0]), array([7, 6]), array([5, 4]), array([5, 6]), array([0, 0]), array([4, 3]), array([7, 6]), array([3, 7]), array([4, 5]), array([6, 6]), array([1, 4]), array([4, 3]), array([4, 7]), array([6, 4]), array([0, 4]), array([5, 5]), array([3, 2]), array([0, 4]), array([3, 0]), array([1, 4]), array([4, 0]), array([0, 2]), array([3, 0]), array([2, 4]), array([3, 0]), array([3, 4]), array([7, 4]), array([6, 7]), array([0, 2]), array([3, 0]), array([3, 0]), array([0, 4]), array([7, 4]), array([0, 7]), array([5, 5]), array([6, 3]), array([7, 6]), array([4, 7]), array([7, 3]), array([3, 4]), array([0, 0]), array([1, 4]), array([1, 4]), array([3, 7]), array([3, 0]), array([4, 5]), array([3, 2]), array([7, 4]), array([7, 0]), array([6, 6]), array([3, 0]), array([3, 2]), array([2, 7]), array([0, 4]), array([7, 2]), array([3, 7]), array([7, 5]), array([3, 7]), array([0, 2]), array([3, 0]), array([3, 0]), array([7, 4]), array([4, 5]), array([2, 7]), array([4, 7]), array([0, 7]), array([1, 4]), array([6, 2]), array([7, 6]), array([0, 7]), array([4, 4]), array([5, 3]), array([6, 7]), array([0, 4]), array([1, 0]), array([0, 2]), array([1, 4]), array([4, 4]), array([7, 2]), array([6, 4]), array([6, 4]), array([7, 6]), array([0, 4]), array([5, 2]), array([1, 0]), array([3, 2]), array([6, 3]), array([3, 7]), array([0, 2]), array([0, 2]), array([1, 0]), array([6, 4]), array([4, 4]), array([1, 0]), array([0, 0]), array([6, 7]), array([1, 4]), array([2, 4]), array([0, 4]), array([4, 4]), array([3, 4]), array([4, 4]), array([2, 7]), array([7, 6]), array([0, 2]), array([1, 6]), array([1, 4]), array([1, 7]), array([0, 7]), array([6, 5]), array([1, 4]), array([7, 3]), array([5, 3]), array([4, 0]), array([2, 1]), array([3, 7]), array([3, 2]), array([0, 4]), array([6, 6]), array([0, 0]), array([0, 6]), array([5, 3]), array([0, 7]), array([6, 6]), array([0, 6]), array([7, 6]), array([6, 7]), array([0, 2]), array([0, 2]), array([6, 4]), array([0, 7]), array([7, 0]), array([0, 4]), array([2, 1]), array([0, 6]), array([2, 4]), array([5, 5]), array([4, 7]), array([4, 4]), array([3, 2]), array([7, 2]), array([5, 5]), array([1, 4]), array([1, 0]), array([6, 7]), array([7, 3]), array([3, 0]), array([6, 0]), array([3, 0]), array([7, 0]), array([3, 2]), array([7, 6]), array([6, 7]), array([0, 7]), array([0, 6]), array([6, 7]), array([0, 0]), array([3, 0]), array([0, 7]), array([2, 4]), array([6, 7]), array([0, 6]), array([4, 7]), array([7, 2]), array([1, 6]), array([6, 0]), array([7, 0]), array([4, 0]), array([7, 4]), array([0, 7]), array([3, 4]), array([1, 4]), array([4, 5]), array([0, 2]), array([1, 4]), array([3, 2]), array([7, 4]), array([2, 4]), array([2, 0]), array([7, 0]), array([3, 2]), array([6, 4]), array([5, 5]), array([0, 2]), array([0, 0]), array([3, 7]), array([0, 6]), array([6, 3]), array([2, 1]), array([3, 2]), array([6, 7]), array([3, 7]), array([0, 6]), array([3, 2]), array([7, 4]), array([3, 2]), array([2, 4]), array([6, 6]), array([6, 3]), array([0, 0]), array([7, 5]), array([6, 5]), array([0, 4]), array([1, 4]), array([4, 1]), array([4, 3]), array([3, 0]), array([7, 7]), array([0, 2]), array([5, 2]), array([3, 7]), array([7, 5]), array([3, 2]), array([7, 0]), array([6, 4]), array([7, 3]), array([3, 0]), array([0, 4]), array([4, 0]), array([2, 1]), array([4, 4]), array([3, 0]), array([7, 2]), array([0, 2]), array([1, 4]), array([3, 7]), array([6, 4]), array([7, 7]), array([4, 0]), array([0, 2]), array([0, 2]), array([3, 7]), array([0, 7]), array([6, 4]), array([0, 6]), array([3, 7]), array([0, 5]), array([0, 7]), array([4, 7]), array([0, 7]), array([2, 4]), array([3, 2]), array([1, 5]), array([5, 3]), array([0, 0]), array([0, 4]), array([6, 2]), array([0, 0]), array([0, 7]), array([6, 3]), array([1, 4]), array([1, 4]), array([0, 6]), array([3, 2]), array([7, 3]), array([5, 3]), array([6, 7]), array([4, 4]), array([0, 7]), array([6, 7]), array([7, 7]), array([7, 5]), array([0, 6]), array([6, 7]), array([2, 1]), array([7, 0]), array([7, 5]), array([5, 3]), array([0, 6]), array([7, 7]), array([3, 7]), array([7, 7]), array([7, 0]), array([6, 5]), array([0, 4]), array([6, 4]), array([7, 7]), array([6, 7]), array([0, 0]), array([4, 7]), array([0, 0]), array([6, 0]), array([0, 4]), array([7, 6]), array([7, 7]), array([1, 4]), array([0, 6]), array([3, 0]), array([2, 7]), array([3, 4]), array([4, 4]), array([5, 2]), array([0, 2]), array([0, 0]), array([4, 7]), array([1, 4]), array([7, 7]), array([4, 3]), array([3, 4]), array([3, 2]), array([3, 2]), array([0, 0]), array([1, 4]), array([0, 4]), array([4, 7]), array([7, 3]), array([7, 6]), array([3, 0]), array([1, 0]), array([5, 5]), array([7, 3]), array([7, 5]), array([6, 4]), array([6, 6]), array([0, 0]), array([5, 6]), array([1, 4]), array([5, 3]), array([0, 0]), array([4, 0]), array([5, 5]), array([7, 3]), array([5, 3]), array([6, 2]), array([6, 7]), array([4, 3]), array([6, 7]), array([4, 4]), array([2, 6]), array([7, 2]), array([4, 7]), array([1, 4]), array([1, 0]), array([3, 0]), array([0, 0]), array([7, 4]), array([3, 4]), array([0, 7]), array([2, 7]), array([6, 7]), array([2, 0]), array([7, 0]), array([2, 4]), array([7, 7]), array([0, 2]), array([2, 4]), array([6, 0]), array([6, 3]), array([4, 7]), array([6, 4]), array([7, 5]), array([7, 2]), array([2, 7]), array([6, 4]), array([4, 4]), array([0, 4]), array([4, 5]), array([7, 7]), array([3, 7]), array([6, 7]), array([4, 3]), array([3, 0]), array([3, 7]), array([6, 7]), array([3, 7]), array([6, 4]), array([4, 5]), array([0, 0]), array([0, 2]), array([0, 6]), array([6, 7]), array([7, 0]), array([0, 4]), array([4, 3]), array([0, 5]), array([0, 2]), array([4, 0]), array([0, 2]), array([4, 7]), array([3, 2]), array([3, 2]), array([0, 0]), array([7, 5]), array([0, 4]), array([6, 7]), array([4, 4]), array([4, 5]), array([6, 4]), array([7, 0]), array([0, 5]), array([7, 6]), array([6, 2]), array([6, 7]), array([4, 5]), array([7, 6]), array([4, 4]), array([3, 0]), array([7, 0]), array([4, 4]), array([6, 7]), array([0, 6]), array([3, 4]), array([0, 2]), array([5, 5]), array([2, 1]), array([2, 4]), array([0, 4]), array([3, 0]), array([1, 0]), array([0, 4]), array([3, 0]), array([7, 4]), array([3, 0]), array([1, 0]), array([3, 0]), array([6, 3]), array([4, 4]), array([1, 4]), array([7, 3]), array([7, 2]), array([7, 5]), array([0, 6]), array([3, 2]), array([1, 4]), array([7, 4]), array([0, 4]), array([3, 4]), array([6, 7]), array([3, 7]), array([7, 0]), array([3, 0]), array([7, 5]), array([7, 4]), array([7, 6]), array([7, 4]), array([6, 3]), array([0, 6]), array([1, 0]), array([3, 2]), array([3, 7]), array([1, 7]), array([1, 4]), array([5, 5]), array([6, 5]), array([7, 6]), array([4, 0]), array([6, 6]), array([7, 3]), array([2, 4]), array([0, 0]), array([1, 4]), array([0, 4]), array([7, 4]), array([7, 2]), array([1, 4]), array([7, 5]), array([0, 6]), array([6, 7]), array([7, 4]), array([0, 2]), array([2, 1]), array([0, 7]), array([0, 4]), array([6, 5]), array([3, 2]), array([3, 7]), array([7, 3]), array([7, 4]), array([7, 3]), array([0, 7]), array([5, 5]), array([4, 4]), array([0, 2]), array([4, 3]), array([0, 2]), array([3, 0]), array([4, 4]), array([1, 4]), array([1, 4]), array([7, 0]), array([4, 0]), array([4, 4]), array([0, 7]), array([4, 7]), array([7, 3]), array([6, 6]), array([0, 6]), array([6, 7]), array([6, 2]), array([1, 0]), array([0, 2]), array([4, 4]), array([4, 5]), array([6, 5]), array([7, 5]), array([0, 0]), array([5, 6]), array([1, 7]), array([7, 6]), array([7, 0]), array([7, 0]), array([0, 4]), array([5, 5]), array([1, 7]), array([0, 4]), array([3, 2]), array([5, 6]), array([6, 2]), array([5, 4]), array([0, 0]), array([5, 3]), array([6, 7]), array([0, 0]), array([0, 6]), array([1, 0]), array([7, 4]), array([3, 7]), array([0, 2]), array([3, 0]), array([4, 3]), array([6, 6]), array([7, 3]), array([4, 3]), array([4, 4]), array([4, 4]), array([3, 4]), array([3, 2]), array([3, 7]), array([6, 7]), array([7, 7]), array([4, 4]), array([7, 7]), array([1, 7]), array([2, 4]), array([7, 2]), array([5, 3]), array([0, 0]), array([0, 0]), array([7, 0]), array([1, 4]), array([7, 3]), array([7, 6]), array([5, 4]), array([4, 4]), array([0, 4]), array([7, 6]), array([6, 3]), array([0, 0]), array([7, 5]), array([7, 0]), array([6, 2]), array([3, 0]), array([7, 4]), array([7, 0]), array([4, 4]), array([6, 7]), array([0, 2]), array([7, 0]), array([7, 0]), array([0, 0]), array([2, 4]), array([5, 5]), array([7, 0]), array([6, 0]), array([1, 4]), array([3, 2]), array([1, 0]), array([1, 7]), array([4, 5]), array([5, 2]), array([3, 0]), array([0, 0]), array([7, 0]), array([0, 2]), array([0, 6]), array([1, 4]), array([6, 2]), array([5, 6]), array([1, 4]), array([0, 6]), array([5, 6]), array([0, 7]), array([2, 1]), array([7, 6]), array([0, 4]), array([0, 5]), array([3, 2]), array([7, 7]), array([5, 3]), array([1, 0]), array([7, 7]), array([2, 1]), array([6, 6]), array([7, 0]), array([6, 6]), array([6, 5]), array([2, 1]), array([5, 2]), array([7, 6]), array([3, 7]), array([0, 4]), array([0, 0]), array([0, 4]), array([3, 2]), array([1, 4]), array([3, 2]), array([4, 1]), array([7, 3]), array([0, 2]), array([4, 5]), array([3, 7]), array([7, 7]), array([7, 6]), array([1, 0]), array([5, 5]), array([7, 0]), array([3, 2]), array([3, 7]), array([3, 0]), array([1, 4]), array([7, 1]), array([2, 4]), array([1, 0]), array([0, 4]), array([1, 4]), array([7, 7]), array([1, 4]), array([6, 7]), array([3, 4]), array([4, 0]), array([1, 4]), array([2, 4]), array([4, 0]), array([0, 2]), array([4, 0]), array([7, 7]), array([0, 0]), array([4, 3]), array([7, 7]), array([6, 0]), array([6, 3]), array([7, 5]), array([0, 2]), array([4, 3]), array([7, 6]), array([3, 0]), array([7, 0]), array([6, 7]), array([0, 0]), array([7, 2]), array([7, 7]), array([0, 0]), array([7, 6]), array([7, 3]), array([4, 7]), array([0, 4]), array([5, 5]), array([0, 6]), array([1, 4]), array([1, 4]), array([0, 4]), array([7, 6]), array([0, 0]), array([4, 5]), array([3, 2]), array([6, 7]), array([1, 5]), array([1, 0]), array([7, 5]), array([2, 4]), array([0, 6]), array([0, 2]), array([0, 4]), array([0, 6]), array([7, 3]), array([7, 3]), array([1, 0]), array([0, 0]), array([5, 4]), array([7, 3]), array([7, 0]), array([0, 6]), array([6, 7]), array([7, 1]), array([7, 0]), array([7, 3]), array([5, 5]), array([5, 3]), array([7, 0]), array([6, 4]), array([0, 7]), array([7, 7]), array([2, 1]), array([0, 4]), array([6, 7]), array([7, 7]), array([0, 2]), array([7, 0]), array([0, 5]), array([6, 3]), array([0, 0]), array([2, 1]), array([6, 2]), array([0, 4]), array([0, 2]), array([6, 4]), array([0, 0]), array([7, 0]), array([7, 6]), array([3, 2]), array([3, 0]), array([7, 3]), array([6, 7]), array([6, 0]), array([3, 2]), array([4, 3]), array([0, 6]), array([7, 6]), array([4, 3]), array([5, 5]), array([6, 4]), array([0, 4]), array([2, 1]), array([1, 7]), array([3, 2]), array([6, 6]), array([3, 0]), array([0, 0]), array([1, 4]), array([3, 7]), array([3, 4]), array([1, 4]), array([3, 0]), array([1, 4]), array([0, 2]), array([6, 4]), array([3, 4]), array([6, 3]), array([6, 2]), array([6, 6]), array([7, 0]), array([0, 0]), array([0, 6]), array([7, 6]), array([3, 0]), array([7, 6]), array([1, 0]), array([7, 0]), array([7, 2]), array([0, 0]), array([4, 0]), array([0, 0]), array([4, 7]), array([6, 4]), array([6, 7]), array([7, 7]), array([7, 7]), array([0, 7]), array([4, 7]), array([0, 5]), array([0, 4]), array([6, 2]), array([6, 6]), array([6, 7]), array([1, 4]), array([5, 3]), array([7, 0]), array([3, 2]), array([3, 2]), array([3, 2]), array([4, 7]), array([3, 0]), array([0, 4]), array([6, 7]), array([4, 3]), array([7, 0]), array([4, 7]), array([4, 4]), array([6, 3]), array([4, 3]), array([4, 7]), array([0, 0]), array([1, 7]), array([7, 6]), array([3, 4]), array([3, 2]), array([0, 6]), array([0, 2]), array([4, 3]), array([7, 0]), array([7, 4]), array([6, 3]), array([3, 0]), array([6, 6]), array([3, 7]), array([5, 5]), array([6, 6]), array([4, 4]), array([5, 5]), array([1, 0]), array([3, 7]), array([4, 5]), array([0, 2]), array([0, 0]), array([3, 7]), array([4, 4]), array([6, 7]), array([3, 0]), array([7, 6]), array([0, 4]), array([3, 0]), array([3, 7]), array([6, 3]), array([6, 5]), array([0, 6]), array([0, 4]), array([0, 2]), array([6, 2]), array([3, 3]), array([0, 4]), array([7, 0]), array([4, 5]), array([4, 0]), array([0, 0]), array([0, 4]), array([3, 2]), array([7, 0]), array([5, 3]), array([1, 0]), array([7, 7]), array([5, 4]), array([6, 7]), array([1, 4]), array([0, 0]), array([7, 0]), array([4, 7]), array([5, 5]), array([3, 7]), array([4, 0]), array([3, 2]), array([4, 4]), array([6, 7]), array([5, 3]), array([7, 3]), array([3, 7]), array([7, 4]), array([6, 0]), array([6, 2]), array([3, 0]), array([0, 0]), array([5, 5]), array([3, 0]), array([6, 0]), array([7, 2]), array([0, 2]), array([6, 7]), array([3, 2]), array([2, 4]), array([7, 0]), array([4, 3]), array([7, 0]), array([1, 4]), array([7, 6]), array([4, 7]), array([7, 3]), array([1, 7]), array([0, 4]), array([0, 2]), array([0, 6]), array([6, 7]), array([7, 6]), array([0, 2]), array([4, 4]), array([7, 0]), array([7, 3]), array([7, 0]), array([0, 4]), array([7, 3]), array([2, 1]), array([4, 4]), array([7, 2]), array([1, 0]), array([7, 4]), array([0, 4]), array([4, 4]), array([2, 4]), array([4, 7]), array([3, 0]), array([0, 0]), array([5, 3]), array([7, 0]), array([3, 7]), array([1, 4]), array([0, 4]), array([3, 7]), array([0, 0]), array([2, 4]), array([0, 0]), array([7, 0]), array([3, 0]), array([7, 6]), array([3, 0]), array([7, 0]), array([6, 7]), array([5, 3]), array([1, 4]), array([0, 4]), array([7, 0]), array([4, 4]), array([5, 5]), array([0, 7]), array([3, 0]), array([0, 2]), array([3, 7]), array([3, 0]), array([6, 0]), array([5, 5]), array([0, 6]), array([1, 4]), array([2, 1]), array([4, 0]), array([7, 0]), array([6, 2]), array([0, 4]), array([3, 0]), array([3, 7]), array([7, 7]), array([3, 7]), array([0, 2]), array([3, 0]), array([7, 2]), array([4, 7]), array([5, 5]), array([7, 6]), array([0, 4]), array([7, 0]), array([6, 6]), array([0, 6]), array([3, 0]), array([6, 5]), array([7, 3]), array([6, 3]), array([3, 0]), array([3, 0]), array([4, 5]), array([3, 7]), array([7, 4]), array([6, 6]), array([5, 4]), array([6, 7]), array([0, 7]), array([4, 4]), array([5, 4]), array([7, 3]), array([0, 0]), array([0, 4]), array([3, 0]), array([3, 0]), array([5, 2]), array([7, 6]), array([3, 2]), array([6, 4]), array([1, 4]), array([0, 7]), array([5, 3]), array([7, 2]), array([0, 4]), array([3, 7]), array([0, 6]), array([0, 7]), array([3, 0]), array([4, 0]), array([3, 7]), array([5, 5]), array([5, 5]), array([7, 0]), array([5, 3]), array([1, 4]), array([7, 4]), array([4, 0]), array([6, 7]), array([4, 5]), array([4, 0]), array([7, 0]), array([7, 0]), array([1, 0]), array([6, 7]), array([4, 5]), array([4, 7]), array([7, 0]), array([1, 4]), array([3, 2]), array([1, 0]), array([3, 7]), array([0, 4]), array([3, 0]), array([7, 6]), array([6, 0]), array([7, 0]), array([7, 3]), array([5, 3]), array([7, 0]), array([4, 0]), array([7, 6]), array([6, 7]), array([7, 5]), array([0, 5]), array([6, 4]), array([3, 0]), array([7, 0]), array([1, 0]), array([6, 2]), array([0, 4]), array([1, 4]), array([6, 2]), array([4, 0]), array([7, 0]), array([6, 5]), array([7, 7]), array([3, 2]), array([7, 2]), array([3, 4]), array([3, 7]), array([4, 4]), array([6, 0]), array([3, 4]), array([0, 0]), array([1, 0]), array([2, 4]), array([7, 0]), array([6, 7]), array([0, 4]), array([0, 5]), array([6, 7]), array([0, 0]), array([6, 3]), array([4, 7]), array([6, 5]), array([5, 2]), array([6, 6]), array([4, 3]), array([0, 5]), array([0, 2]), array([0, 0]), array([4, 7]), array([0, 7]), array([4, 0]), array([4, 4]), array([5, 3]), array([7, 6]), array([4, 4]), array([0, 0]), array([0, 2]), array([1, 6]), array([3, 7]), array([3, 7]), array([0, 2]), array([2, 1]), array([0, 6]), array([5, 5]), array([3, 7]), array([3, 7]), array([6, 1]), array([0, 4]), array([7, 3]), array([0, 4]), array([4, 5]), array([0, 0]), array([0, 6]), array([4, 4]), array([1, 4]), array([0, 6]), array([7, 3]), array([0, 6]), array([7, 0]), array([0, 4]), array([3, 2]), array([7, 0]), array([3, 4]), array([7, 5]), array([3, 0]), array([4, 5]), array([7, 4]), array([0, 4]), array([0, 0]), array([3, 2]), array([6, 6]), array([2, 1]), array([0, 2]), array([4, 0]), array([7, 7]), array([4, 4]), array([6, 0]), array([4, 7]), array([6, 7]), array([7, 4]), array([3, 0]), array([3, 0]), array([7, 4]), array([0, 2]), array([3, 7]), array([6, 7]), array([0, 2]), array([3, 0]), array([3, 7]), array([7, 0]), array([4, 4]), array([6, 2]), array([0, 2]), array([0, 6]), array([1, 0]), array([2, 7]), array([6, 7]), array([1, 4]), array([3, 7]), array([4, 4]), array([0, 0]), array([7, 7]), array([4, 7]), array([2, 1]), array([1, 4]), array([5, 2]), array([2, 4]), array([1, 0]), array([6, 5]), array([4, 4]), array([4, 7]), array([1, 4]), array([2, 4]), array([7, 0]), array([6, 3]), array([7, 6]), array([0, 2]), array([5, 4]), array([6, 3]), array([1, 4]), array([0, 7]), array([1, 4]), array([5, 3]), array([7, 4]), array([3, 0]), array([6, 7]), array([0, 6]), array([2, 0]), array([1, 7]), array([6, 5]), array([5, 5]), array([7, 0]), array([6, 7]), array([6, 6]), array([0, 6]), array([7, 3]), array([2, 1]), array([6, 4]), array([7, 5]), array([5, 3]), array([1, 4]), array([0, 0]), array([5, 4]), array([4, 0]), array([6, 7]), array([0, 2]), array([7, 6]), array([7, 3]), array([6, 7]), array([1, 4]), array([0, 4]), array([7, 0]), array([5, 3]), array([4, 3]), array([0, 2]), array([1, 0]), array([3, 0]), array([0, 4]), array([7, 0]), array([0, 7]), array([6, 2]), array([2, 1]), array([3, 7]), array([3, 4]), array([6, 3]), array([6, 5]), array([6, 7]), array([0, 2]), array([0, 2]), array([7, 6]), array([6, 0]), array([0, 0]), array([5, 5]), array([7, 3]), array([5, 2]), array([6, 4]), array([0, 4]), array([1, 4]), array([4, 7]), array([4, 4]), array([6, 0]), array([7, 0]), array([7, 2]), array([3, 0]), array([6, 2]), array([6, 5]), array([7, 0]), array([7, 1]), array([1, 4]), array([0, 0]), array([0, 2]), array([3, 0]), array([7, 4]), array([0, 5]), array([7, 0]), array([7, 0]), array([6, 0]), array([0, 6]), array([5, 5]), array([0, 0]), array([0, 2]), array([2, 1]), array([7, 4]), array([3, 7]), array([1, 4]), array([6, 7]), array([7, 0]), array([4, 0]), array([2, 0]), array([6, 4]), array([7, 5]), array([3, 4]), array([3, 4]), array([3, 2]), array([3, 4]), array([0, 2]), array([7, 7]), array([3, 2]), array([0, 4]), array([0, 2]), array([1, 7]), array([1, 4]), array([5, 5]), array([4, 5]), array([0, 6]), array([1, 0]), array([0, 4]), array([2, 1]), array([7, 7]), array([5, 6]), array([7, 0]), array([5, 3]), array([3, 7]), array([6, 4]), array([5, 5]), array([1, 2]), array([7, 7]), array([7, 6]), array([7, 0]), array([6, 2]), array([0, 2]), array([5, 2]), array([5, 3]), array([0, 0]), array([0, 7]), array([0, 0]), array([0, 0]), array([6, 4]), array([3, 0]), array([6, 7]), array([1, 4]), array([1, 4]), array([0, 0]), array([3, 7]), array([3, 0]), array([7, 4]), array([5, 5]), array([7, 6]), array([7, 0]), array([1, 0]), array([5, 5]), array([6, 0]), array([7, 4]), array([3, 0]), array([2, 1]), array([4, 5]), array([6, 7]), array([3, 2]), array([6, 7]), array([4, 7]), array([0, 4]), array([7, 4]), array([1, 4]), array([1, 0]), array([7, 4]), array([6, 7]), array([4, 0]), array([4, 3]), array([7, 3]), array([1, 0]), array([1, 4]), array([3, 3]), array([7, 0]), array([7, 6]), array([7, 5]), array([2, 1]), array([6, 6]), array([3, 7]), array([5, 5]), array([7, 7]), array([7, 5]), array([1, 4]), array([0, 6]), array([1, 4]), array([3, 4]), array([7, 3]), array([0, 5]), array([0, 0]), array([6, 7]), array([1, 0]), array([0, 5]), array([3, 4]), array([2, 7]), array([7, 5]), array([6, 7]), array([0, 7]), array([6, 7]), array([7, 0]), array([0, 0]), array([6, 1]), array([7, 2]), array([0, 5]), array([2, 4]), array([1, 4]), array([3, 3]), array([0, 2]), array([0, 4]), array([7, 2]), array([7, 0]), array([3, 0]), array([6, 7]), array([3, 0]), array([4, 7]), array([2, 4]), array([0, 0]), array([6, 3]), array([1, 4]), array([3, 7]), array([0, 2]), array([7, 0]), array([4, 4]), array([5, 5]), array([6, 4]), array([0, 7]), array([1, 0]), array([0, 4]), array([0, 6]), array([6, 0]), array([0, 0]), array([4, 0]), array([7, 0]), array([2, 1]), array([0, 5]), array([4, 4]), array([7, 3]), array([5, 5]), array([0, 0]), array([0, 4]), array([7, 0]), array([0, 0]), array([1, 7]), array([0, 6]), array([7, 7]), array([5, 6]), array([0, 4]), array([6, 7]), array([3, 4]), array([3, 4]), array([0, 7]), array([3, 4]), array([0, 5]), array([5, 3]), array([7, 0]), array([7, 0]), array([0, 4]), array([5, 2]), array([1, 4]), array([7, 5]), array([0, 6]), array([1, 2]), array([4, 5]), array([5, 3]), array([7, 4]), array([0, 6]), array([3, 7]), array([7, 0]), array([0, 0]), array([5, 3]), array([7, 7]), array([3, 0]), array([3, 0]), array([3, 2]), array([0, 4]), array([7, 3]), array([7, 0]), array([1, 0]), array([7, 0]), array([7, 0]), array([3, 0]), array([7, 0]), array([6, 5]), array([3, 0]), array([4, 0]), array([1, 4]), array([6, 6]), array([6, 7]), array([7, 7]), array([6, 2]), array([4, 3]), array([3, 7]), array([6, 3]), array([5, 5]), array([7, 7]), array([7, 2]), array([0, 7]), array([7, 0]), array([2, 1]), array([7, 3]), array([1, 0]), array([6, 3]), array([3, 2]), array([0, 4]), array([0, 6]), array([3, 0]), array([0, 2]), array([0, 5]), array([0, 0]), array([7, 5]), array([5, 3]), array([5, 4]), array([3, 2]), array([3, 4]), array([6, 2]), array([7, 6]), array([6, 0]), array([7, 0]), array([0, 4]), array([6, 7]), array([6, 7]), array([0, 0]), array([5, 2]), array([0, 2]), array([1, 0]), array([7, 4]), array([6, 6]), array([6, 6]), array([0, 0]), array([0, 0]), array([6, 7]), array([5, 6]), array([0, 2]), array([5, 3]), array([5, 5]), array([7, 0]), array([0, 0]), array([4, 1]), array([7, 0]), array([3, 2]), array([4, 3]), array([4, 4]), array([5, 4]), array([7, 4]), array([0, 0]), array([1, 0]), array([3, 7]), array([0, 0]), array([6, 3]), array([4, 7]), array([7, 0]), array([0, 2]), array([4, 7]), array([1, 4]), array([0, 2]), array([6, 6]), array([4, 7]), array([5, 5]), array([6, 2]), array([5, 6]), array([7, 0]), array([0, 6]), array([0, 7]), array([3, 7]), array([3, 7]), array([5, 3]), array([7, 0]), array([0, 6]), array([5, 4]), array([2, 7]), array([7, 2]), array([7, 0]), array([4, 7]), array([1, 4]), array([6, 7]), array([7, 2]), array([0, 4]), array([3, 0]), array([7, 0]), array([7, 0]), array([7, 4]), array([7, 2]), array([0, 0]), array([7, 7]), array([0, 0]), array([0, 6]), array([7, 3]), array([6, 7]), array([4, 5]), array([3, 7]), array([1, 4]), array([3, 0]), array([4, 3]), array([1, 4]), array([3, 7]), array([5, 5]), array([6, 0]), array([0, 2]), array([0, 4]), array([0, 6]), array([6, 7]), array([7, 0]), array([3, 0]), array([6, 3]), array([4, 4]), array([7, 4]), array([6, 7]), array([3, 4]), array([6, 5]), array([3, 2]), array([5, 5]), array([5, 4]), array([0, 2]), array([4, 0]), array([6, 3]), array([3, 0]), array([6, 7]), array([4, 0]), array([0, 4]), array([7, 6]), array([2, 7]), array([7, 0]), array([6, 6]), array([4, 4]), array([0, 4]), array([7, 0]), array([5, 5]), array([4, 3]), array([7, 6]), array([0, 4]), array([1, 7]), array([0, 0]), array([7, 0]), array([0, 6]), array([0, 6]), array([5, 5]), array([2, 4]), array([5, 2]), array([7, 0]), array([3, 2]), array([6, 7]), array([2, 7]), array([7, 4]), array([1, 0]), array([1, 4]), array([3, 7]), array([0, 3]), array([2, 6]), array([6, 3]), array([3, 4]), array([0, 4]), array([7, 7]), array([4, 4]), array([2, 7]), array([0, 4]), array([7, 4]), array([6, 3]), array([4, 4]), array([7, 6]), array([0, 0]), array([6, 4]), array([1, 7]), array([1, 0]), array([3, 2]), array([4, 0]), array([6, 7]), array([5, 2]), array([7, 6]), array([3, 0]), array([4, 0]), array([3, 2]), array([6, 0]), array([3, 0]), array([3, 0]), array([5, 5]), array([7, 1]), array([0, 6]), array([6, 5]), array([0, 4]), array([3, 7]), array([6, 7]), array([0, 0]), array([7, 0]), array([4, 3]), array([7, 0]), array([7, 0]), array([0, 4]), array([1, 0]), array([3, 7]), array([3, 0]), array([3, 2]), array([5, 3]), array([3, 4]), array([4, 4]), array([7, 4]), array([0, 2]), array([7, 0]), array([3, 7]), array([0, 7]), array([7, 3]), array([7, 2]), array([5, 2]), array([7, 7]), array([7, 0]), array([6, 0]), array([7, 3]), array([0, 4]), array([0, 0]), array([1, 4]), array([7, 0]), array([6, 7]), array([2, 4]), array([0, 6]), array([3, 7]), array([0, 0]), array([7, 7]), array([6, 7]), array([3, 0]), array([7, 6]), array([2, 7]), array([4, 5]), array([0, 2]), array([6, 7]), array([2, 7]), array([7, 6]), array([6, 2]), array([4, 4]), array([6, 5]), array([1, 4]), array([6, 7]), array([1, 4]), array([7, 3]), array([6, 6]), array([7, 0]), array([1, 0]), array([0, 4]), array([6, 7]), array([2, 1]), array([1, 7]), array([0, 2]), array([4, 3]), array([6, 6]), array([0, 0]), array([3, 0]), array([4, 0]), array([5, 5]), array([0, 0]), array([5, 6]), array([0, 4]), array([6, 2]), array([6, 6]), array([6, 7]), array([0, 7]), array([6, 4]), array([5, 5]), array([3, 2]), array([6, 4]), array([7, 6]), array([4, 3]), array([0, 2]), array([3, 0]), array([6, 3]), array([7, 3]), array([0, 4]), array([5, 4]), array([0, 4]), array([7, 4]), array([0, 7]), array([0, 2]), array([4, 4]), array([3, 2]), array([3, 7]), array([7, 4]), array([1, 4]), array([3, 4]), array([0, 4]), array([0, 6]), array([7, 6]), array([7, 0]), array([3, 0]), array([1, 4]), array([4, 7]), array([7, 5]), array([0, 2]), array([7, 0]), array([3, 0]), array([7, 1]), array([4, 4]), array([0, 5]), array([5, 6]), array([0, 4]), array([5, 5]), array([6, 7]), array([7, 0]), array([5, 6]), array([1, 4]), array([7, 7]), array([4, 4]), array([5, 3]), array([6, 5]), array([1, 4]), array([7, 0]), array([1, 4]), array([7, 0]), array([0, 6]), array([3, 4]), array([0, 0]), array([3, 4]), array([3, 2]), array([0, 7]), array([0, 4]), array([4, 0]), array([6, 7]), array([1, 4]), array([1, 0]), array([6, 3]), array([6, 3]), array([0, 5]), array([7, 3]), array([5, 3]), array([3, 2]), array([1, 4]), array([3, 7]), array([5, 5]), array([2, 7]), array([3, 0]), array([5, 6]), array([5, 5]), array([1, 4]), array([0, 4]), array([0, 7]), array([2, 7]), array([3, 2]), array([5, 5]), array([7, 3]), array([7, 4]), array([6, 4]), array([0, 6]), array([4, 0]), array([3, 0]), array([4, 3]), array([0, 7]), array([6, 2]), array([4, 4]), array([4, 7]), array([1, 4]), array([5, 2]), array([1, 4]), array([0, 6]), array([3, 2]), array([6, 7]), array([4, 4]), array([0, 2]), array([7, 3]), array([4, 5]), array([4, 0]), array([3, 7]), array([0, 2]), array([1, 4]), array([0, 0]), array([1, 4]), array([7, 7]), array([7, 3]), array([6, 5]), array([7, 0]), array([4, 7]), array([3, 4]), array([7, 0]), array([7, 0]), array([2, 4]), array([6, 7]), array([7, 7]), array([6, 2]), array([4, 4]), array([4, 3]), array([0, 7]), array([4, 0]), array([1, 4]), array([3, 2]), array([0, 0]), array([0, 2]), array([7, 0]), array([6, 0]), array([0, 6]), array([0, 6]), array([1, 4]), array([2, 0]), array([7, 0]), array([6, 7]), array([7, 0]), array([3, 7]), array([7, 0]), array([7, 0]), array([0, 4]), array([5, 2]), array([7, 7]), array([7, 4]), array([0, 4]), array([3, 0]), array([0, 2]), array([7, 6]), array([0, 6]), array([0, 0]), array([4, 7]), array([7, 6]), array([2, 0]), array([4, 7]), array([1, 4]), array([4, 4]), array([6, 4]), array([0, 6]), array([7, 0]), array([1, 4]), array([1, 0]), array([4, 5]), array([7, 0]), array([1, 4]), array([0, 5]), array([6, 2]), array([3, 0]), array([5, 3]), array([4, 4]), array([5, 6]), array([0, 0]), array([6, 6]), array([3, 0]), array([7, 0]), array([6, 7]), array([2, 7]), array([1, 4]), array([3, 4]), array([0, 4]), array([3, 0]), array([0, 7]), array([0, 4]), array([4, 5]), array([5, 3]), array([7, 4]), array([7, 6]), array([7, 7]), array([6, 7]), array([0, 0]), array([0, 4]), array([0, 4]), array([7, 5]), array([6, 4]), array([0, 6]), array([3, 7]), array([6, 5]), array([7, 6]), array([1, 4]), array([1, 1]), array([1, 0]), array([2, 7]), array([5, 4]), array([1, 6]), array([7, 0]), array([0, 2]), array([0, 4]), array([7, 0]), array([0, 2]), array([0, 0]), array([7, 7]), array([0, 4]), array([0, 7]), array([7, 0]), array([7, 7]), array([6, 5]), array([4, 4]), array([3, 0]), array([7, 7]), array([3, 2]), array([7, 0]), array([0, 2]), array([4, 5]), array([0, 6]), array([6, 4]), array([0, 7]), array([7, 6]), array([4, 3]), array([4, 5]), array([6, 7]), array([0, 5]), array([2, 4]), array([2, 7]), array([7, 3]), array([1, 0]), array([3, 7]), array([7, 5]), array([7, 0]), array([7, 3]), array([2, 7]), array([0, 0]), array([6, 6]), array([4, 7]), array([6, 2]), array([0, 4]), array([0, 2]), array([6, 6]), array([3, 2]), array([7, 4]), array([4, 4]), array([4, 3]), array([0, 2]), array([0, 2]), array([7, 4]), array([0, 6]), array([4, 0]), array([7, 3]), array([3, 4]), array([3, 7]), array([7, 4]), array([5, 3]), array([2, 1]), array([4, 7]), array([3, 0]), array([6, 7]), array([0, 6]), array([0, 4]), array([6, 4]), array([7, 0]), array([0, 7]), array([3, 2]), array([4, 4]), array([3, 2]), array([6, 0]), array([2, 7]), array([0, 0]), array([5, 3]), array([7, 0]), array([7, 5]), array([1, 0]), array([4, 4]), array([3, 7]), array([4, 5]), array([3, 0]), array([4, 3])]
m1 = 8
n1 = 8
qe = 1.4097957163265114
te = 0.036039315617036764
dur = 14.281810998916626
