centroides = [[array([-8.15888941e-02,  3.07569027e-01, -2.94895947e-01, -1.72261584e+00,
        1.13646396e-01, -4.44913954e-01, -4.25182343e-01,  3.05852830e-01,
        6.80435896e-02,  9.84073102e-01,  7.70780328e-09,  7.70780328e-09,
        1.88512774e-06,  6.38906658e-02,  9.27420318e-01,  5.14318410e-04,
        1.77298773e-06,  1.12137982e-07,  7.28778177e-05,  1.36406888e-05,
        7.70780328e-09,  2.44245492e-02,  9.75229025e-01], dtype=float32), array([-1.20419346e-01, -3.53361964e-01, -4.08960551e-01, -3.09329361e-01,
        6.74271733e-02, -1.53603792e+00, -8.91141891e-01,  3.05825174e-01,
       -1.82200670e-01,  6.15573049e-01,  8.21491053e-09,  8.21491053e-09,
        8.75648766e-06,  9.69778076e-02,  7.21183777e-01,  5.01894916e-04,
        8.63278001e-06,  1.23540886e-07,  9.06522153e-04,  2.41666660e-03,
        8.21491053e-09,  5.01257896e-01,  4.88053530e-01], dtype=float32), array([ 2.85992563e-01, -9.56660450e-01, -4.12097394e-01, -1.99655611e-02,
       -1.16381574e+00, -8.25426757e-01, -7.86603391e-01,  3.05846602e-01,
       -5.11538982e-01,  5.95245004e-01,  2.52631999e-10,  2.52631999e-10,
        2.94202505e-06,  1.03344552e-01,  8.45823050e-01,  1.54695095e-04,
        2.93607604e-06,  5.96335337e-09,  1.04681365e-02,  1.44184321e-01,
        2.52631999e-10,  4.40137267e-01,  3.43883187e-01], dtype=float32), array([ 4.1409772e-02, -1.1526244e+00,  7.9248840e-01,  3.5914329e-01,
       -5.2409965e-01,  2.2885947e-01,  4.5946285e-01,  3.0585888e-01,
       -2.6126561e-01,  9.8794150e-01,  8.0413595e-14,  8.0413595e-14,
        4.4111044e-09,  4.8962095e-01,  5.0988358e-01,  2.9783053e-04,
        4.4051136e-09,  5.9637668e-12,  5.6687607e-03,  9.8813176e-01,
        8.0413595e-14,  2.1681539e-03,  2.9757491e-03], dtype=float32), array([ 3.6347574e-01, -2.7250490e-01,  6.9342911e-02,  2.2551216e-01,
       -1.1943719e+00,  5.5050248e-01,  5.4670268e-01,  3.0585936e-01,
       -5.2302235e-01,  5.5931423e-02,  5.9519962e-16,  5.9519962e-16,
        1.3394831e-10,  8.9336890e-01,  9.7786129e-02,  8.8436138e-03,
        1.3373533e-10,  2.1288054e-13,  6.3120417e-02,  8.4823912e-01,
        5.9519962e-16,  5.6653786e-03,  5.7782270e-02], dtype=float32), array([ 2.0841318e-01, -4.0012276e-01, -2.8762266e-01,  1.3171223e-01,
       -9.2455506e-01,  6.4035857e-01,  5.5680847e-01,  3.0585945e-01,
       -3.7093315e-01,  4.8038270e-03,  9.4277511e-14,  9.4277511e-14,
        2.5637216e-11,  1.6290955e-02,  9.7416919e-01,  9.5396703e-03,
        2.4869438e-11,  7.6772833e-13,  4.5339113e-01,  4.2266083e-01,
        9.4277511e-14,  3.6394320e-04,  1.2960243e-02], dtype=float32), array([ 1.8295529e-01,  2.4075200e-01, -9.8349452e-02, -1.4110987e+00,
       -1.0292342e+00, -3.9259776e-02,  1.5515862e-02,  3.0585778e-01,
       -2.0651014e-01,  7.9867935e-01,  3.7334058e-10,  3.7334058e-10,
        9.4009415e-08,  1.8942918e-01,  8.0069399e-01,  9.8742219e-03,
        8.9754622e-08,  4.2546544e-09,  8.3556406e-02,  8.1310190e-02,
        3.7334058e-10,  1.8907321e-04,  7.5821239e-01], dtype=float32), array([-2.1991363e-02,  3.8280708e-01, -1.9577645e-01, -2.8412039e+00,
       -4.9615124e-01, -3.7562081e-01, -3.6345905e-01,  3.0585873e-01,
       -7.8155808e-02,  9.9975234e-01,  3.4865638e-10,  3.4865638e-10,
        2.9921107e-08,  6.5736216e-01,  3.4259319e-01,  2.8282504e-05,
        2.5869808e-08,  4.0513584e-09,  5.6704936e-05,  6.8708789e-05,
        3.4865638e-10,  1.8314985e-04,  9.9909341e-01], dtype=float32)], [array([ 2.68599521e-02,  7.78554916e-01,  6.94978833e-01, -9.25780416e-01,
       -1.01740316e-01, -1.35695505e+00, -5.72405875e-01,  3.04935127e-01,
       -4.51455675e-02,  4.25945938e-01,  2.53633698e-06,  2.53633698e-06,
        2.55322346e-04,  2.64330525e-02,  5.60400009e-01,  2.23897517e-01,
        9.35249034e-07,  2.54384766e-04,  2.58195829e-02,  5.90733718e-04,
        2.53633698e-06,  1.14595123e-01,  7.70108402e-01], dtype=float32), array([-1.4777483e-02,  3.5207674e-01,  3.2655853e-01, -8.7673649e-02,
        1.8670123e-02, -2.8527186e+00, -3.4082279e-01,  3.0585620e-01,
       -2.2032322e-01,  1.5717978e-03,  2.5681224e-09,  2.5681224e-09,
        4.1691467e-07,  2.7916848e-04,  4.6129295e-01,  4.8607786e-04,
        1.8844195e-09,  4.1503134e-07,  6.2033464e-04,  4.1861727e-04,
        2.5681224e-09,  6.0100108e-04,  9.9816465e-01], dtype=float32), array([ 4.6132475e-01,  2.0291926e-01,  6.5228188e-01,  1.8151203e-01,
       -4.9388850e-01, -1.3978930e+00, -3.6632261e-01,  3.0584428e-01,
       -2.4916945e-01,  6.3207215e-01,  4.2293564e-08,  4.2293564e-08,
        3.0038898e-06,  7.1741864e-02,  7.4037749e-01,  8.0019783e-04,
        1.4583793e-07,  2.8581164e-06,  3.1811863e-01,  2.3017137e-01,
        4.2293564e-08,  7.6187402e-02,  3.6270258e-01], dtype=float32), array([ 6.7391872e-01, -4.2988893e-01,  3.1178966e-01,  4.2808333e-01,
       -6.1479092e-01,  1.8346481e-01,  2.7743852e-01,  3.0585822e-01,
       -2.8448761e-01,  9.1557342e-01,  6.9549244e-10,  6.9549244e-10,
        9.8063140e-08,  1.0249494e-01,  8.7819767e-01,  1.7734352e-02,
        7.9081923e-09,  9.0153748e-08,  7.3557222e-01,  1.7761116e-01,
        6.9549244e-10,  3.9666008e-02,  6.7371139e-03], dtype=float32), array([ 5.3321546e-01,  3.0962789e-01,  5.8800262e-01,  2.8433979e-01,
       -8.1988400e-01,  5.8208662e-01,  8.0500746e-01,  3.0585936e-01,
       -4.8692235e-01,  2.4539921e-01,  1.0205514e-12,  1.0205514e-12,
        6.1309391e-10,  2.8353298e-01,  4.4796059e-01,  2.6850423e-01,
        1.5115104e-10,  4.6195392e-10,  5.4109669e-01,  8.7379254e-02,
        1.0205514e-12,  1.7417772e-01,  5.3715855e-02], dtype=float32), array([ 6.1529207e-01,  3.6687165e-02,  4.9891743e-01, -1.2093189e-01,
       -1.0135034e+00,  6.0717177e-01,  1.2134727e+00,  3.0585903e-01,
       -2.5410730e-01,  4.6067357e-02,  1.2767090e-10,  1.2767090e-10,
        6.4508079e-09,  8.2047142e-02,  9.0821707e-01,  9.7382991e-03,
        4.8592463e-09,  1.5916490e-09,  5.2945368e-02,  3.7342262e-02,
        1.2767090e-10,  4.1547034e-02,  8.5423303e-01], dtype=float32), array([ 9.2784971e-01,  4.4743216e-01,  4.6471328e-01, -1.6622109e+00,
       -3.4543243e-01,  7.1979767e-01,  1.1987268e+00,  3.0585730e-01,
        2.0149566e-01,  9.0643871e-01,  7.4585920e-09,  7.4585920e-09,
        3.6009837e-07,  8.4606010e-01,  1.5359992e-01,  3.3739416e-04,
        6.7675195e-08,  2.9242713e-07,  4.7837668e-03,  4.4991900e-03,
        7.4585920e-09,  2.2056310e-04,  9.8739731e-01], dtype=float32), array([ 7.6182330e-01,  3.8756084e-01,  1.1084177e+00, -2.1822684e+00,
       -5.2795869e-01, -6.8878525e-01, -4.1102833e-01,  3.0585605e-01,
        1.8157651e-01,  9.9811411e-01,  4.0974220e-09,  4.0974220e-09,
        7.4984433e-07,  9.9253068e-03,  9.8886150e-01,  1.1832156e-03,
        6.4736310e-09,  7.4337447e-07,  1.0615527e-04,  6.2414906e-06,
        4.0974220e-09,  4.4565171e-04,  9.9878234e-01], dtype=float32)], [array([-8.1848234e-01,  2.2942038e+00,  1.3765676e+00, -3.6868859e-02,
        2.8416276e-01, -5.3082597e-01, -1.2317158e+00,  2.9362226e-01,
       -1.2253212e-01,  5.2437265e-03,  4.7960795e-05,  4.7960795e-05,
        3.3750690e-03,  2.0805348e-03,  6.8415026e-03,  9.7079098e-01,
        1.3408280e-05,  3.3616626e-03,  1.1921670e-01,  1.7511360e-04,
        4.7960795e-05,  5.4649526e-01,  1.1743676e-02], dtype=float32), array([ 2.4464437e-01,  7.6135212e-01,  8.7249333e-01,  1.4464772e-01,
       -1.1721651e-01, -1.3799285e+00, -6.0355723e-01,  2.8711066e-01,
       -1.6885146e-01,  5.1841700e-01,  1.2436787e-04,  1.2436787e-04,
        5.1202020e-03,  8.9758381e-02,  5.6274337e-01,  1.8632440e-01,
        1.4028927e-04,  4.9798675e-03,  2.6214045e-01,  1.8919402e-01,
        1.2436787e-04,  1.8049787e-01,  2.8902948e-01], dtype=float32), array([ 7.7014071e-01,  3.8516551e-01,  1.1233658e+00,  3.9357403e-01,
       -7.0433825e-01, -6.9990373e-01, -4.1865629e-01,  3.0585676e-01,
       -2.0623498e-01,  9.9981481e-01,  1.1460786e-09,  1.1460786e-09,
        2.7701557e-07,  7.3600248e-03,  9.9253887e-01,  1.9139259e-06,
        3.0031096e-08,  2.4698508e-07,  5.6504047e-01,  4.3426985e-01,
        1.1460786e-09,  9.8782584e-05,  1.8495817e-04], dtype=float32), array([ 8.4350508e-01,  3.6366761e-01,  6.8319672e-01, -1.4128596e-01,
       -2.0301549e-01, -2.6728425e-02,  1.3819440e-01,  3.0583540e-01,
       -2.6492274e-01,  8.9350051e-01,  1.8534656e-08,  1.8534656e-08,
        6.1914152e-06,  8.0763837e-03,  9.8897308e-01,  2.7021589e-03,
        6.6581180e-07,  5.5256123e-06,  2.1313587e-01,  1.3511004e-01,
        1.8534656e-08,  9.9356040e-02,  1.7542237e-03], dtype=float32), array([ 6.41428530e-01,  5.00608981e-02,  5.66979706e-01, -1.08513854e-01,
       -2.24242151e-01,  5.89815140e-01,  1.26663923e+00,  3.05858731e-01,
       -3.79456818e-01,  1.67280659e-02,  1.32403212e-11,  1.32403212e-11,
        1.39692240e-08,  2.75667794e-02,  9.66225445e-01,  6.20459439e-03,
        3.68096997e-09,  1.02886277e-08,  1.42983785e-02,  2.38295109e-03,
        1.32403212e-11,  9.30946887e-01,  3.54749300e-02], dtype=float32), array([ 6.19053662e-01,  7.02352673e-02,  5.80059946e-01, -7.64447823e-02,
        1.86518967e-01,  5.94088793e-01,  1.24177587e+00,  3.05858046e-01,
        2.67019123e-01,  2.03031884e-03,  1.29894562e-09,  1.29894562e-09,
        1.31335014e-07,  3.42127755e-02,  9.61426437e-01,  4.36167466e-03,
        1.19291371e-07,  1.20447226e-08,  7.30161043e-03,  5.60842222e-03,
        1.29894562e-09,  1.98751371e-02,  9.49268281e-01], dtype=float32), array([ 1.7737782e-01,  6.6301638e-01,  8.9350766e-01,  2.0177531e-01,
       -3.2773986e-01,  5.7928997e-01,  4.2055327e-02,  3.0579332e-01,
        3.0884889e-01,  2.5578165e-02,  5.9548529e-07,  5.9548529e-07,
        1.7933755e-05,  7.7019036e-01,  2.2558117e-01,  4.0700277e-03,
        1.0322738e-05,  7.6109677e-06,  1.7019578e-03,  1.5791976e-03,
        5.9548529e-07,  3.6013883e-04,  9.9183172e-01], dtype=float32), array([-1.9432585e-01,  1.2863361e+00,  9.9927974e-01, -4.5609120e-01,
       -3.5128301e-01,  1.7286526e-01, -1.2469866e+00,  2.8711221e-01,
        6.3384511e-02,  2.7017528e-01,  1.9513989e-04,  1.9513989e-04,
        5.0477986e-03,  2.0701711e-01,  2.9269436e-01,  4.8790839e-01,
        3.5853623e-04,  4.6892441e-03,  2.3538478e-02,  1.8265339e-03,
        1.9513989e-04,  9.9744953e-02,  5.8242315e-01], dtype=float32)], [array([-0.69042313,  3.769295  ,  1.0135468 ,  1.411005  ,  0.7351561 ,
       -0.282851  , -1.8243564 , -1.6760614 ,  0.72908765,  0.01397078,
        0.07241214,  0.07241214,  0.48192027,  0.10377097,  0.11505627,
        0.32952026,  0.01690465,  0.46501625,  0.03024291,  0.00447618,
        0.07241214,  0.11906115,  0.1932156 ], dtype=float32), array([ 0.47531208,  0.7637388 ,  1.0198207 ,  1.0284405 ,  0.5746757 ,
       -0.50787616, -0.32893836, -0.6207302 ,  0.43985468,  0.6831581 ,
        0.0164453 ,  0.0164453 ,  0.24271739,  0.01545499,  0.885591  ,
        0.05369103,  0.03041952,  0.21230419,  0.33801943,  0.33730954,
        0.0164453 ,  0.03381673,  0.00784201], dtype=float32), array([ 7.7025163e-01,  3.8513118e-01,  1.1234807e+00,  3.7321493e-01,
        6.0269618e-01, -6.9925314e-01, -4.1849303e-01,  3.0562857e-01,
        2.1524656e-01,  9.9993396e-01,  7.7419294e-08,  7.7419294e-08,
        6.4808817e-05,  2.7015374e-05,  9.9997026e-01,  2.8234726e-07,
        6.9676580e-06,  5.7841171e-05,  4.8754424e-01,  5.1190954e-01,
        7.7419294e-08,  4.3202153e-06,  4.0877029e-07], dtype=float32), array([ 8.56098711e-01,  3.51548046e-01,  6.01718307e-01, -3.21670979e-01,
        9.48387623e-01,  5.14340028e-02,  1.66060433e-01,  3.05476576e-01,
        1.17661618e-01,  9.18752551e-01,  1.32888559e-07,  1.32888559e-07,
        1.07418484e-04,  5.40689612e-03,  9.94421899e-01,  1.71028078e-04,
        1.71010943e-05,  9.03185792e-05,  1.59463704e-01,  1.14536226e-01,
        1.32888559e-07,  6.38197213e-02,  1.50790182e-03], dtype=float32), array([ 6.1364812e-01,  4.2599197e-02,  5.3695720e-01, -1.0294452e-01,
        9.0907115e-01,  5.8697331e-01,  1.2107948e+00,  3.0585805e-01,
       -1.1829370e-01,  1.5424222e-02,  4.5713745e-11,  4.5713745e-11,
        1.1174518e-07,  7.7247739e-02,  9.1742986e-01,  5.3201425e-03,
        3.4585021e-08,  7.7159811e-08,  2.2782119e-02,  2.3332668e-02,
        4.5713745e-11,  8.8023967e-01,  2.2625552e-02], dtype=float32), array([ 1.87388837e-01,  6.35007799e-01,  7.95682609e-01,  1.19819164e-01,
        3.83724958e-01,  5.45028329e-01,  3.81101549e-01,  3.05851489e-01,
       -1.45101860e-01,  3.40504339e-05,  9.25604038e-09,  9.25604038e-09,
        1.98345924e-06,  5.21242023e-01,  3.52416515e-01,  1.26341522e-01,
        1.94547897e-06,  3.79955729e-08,  2.18167633e-01,  1.83934972e-01,
        9.25604038e-09,  1.00946734e-02,  1.77187249e-02], dtype=float32), array([-8.6181706e-01,  2.5626030e+00,  1.6359245e+00,  1.3933864e-01,
       -1.5149742e-01,  7.3739433e-01,  3.4321696e-01,  2.9488441e-01,
        1.8818198e-01,  8.3331036e-04,  8.8484871e-05,  8.8484871e-05,
        2.9811931e-03,  3.6055863e-01,  5.7671320e-01,  5.9651796e-02,
        2.8282213e-03,  1.5295195e-04,  3.0213138e-02,  2.5651455e-02,
        8.8484871e-05,  1.7042755e-03,  8.7250984e-01], dtype=float32), array([-7.2651619e-01,  2.0733702e+00,  1.0329413e+00,  5.3216290e-01,
       -9.1335274e-02,  2.4016874e+00, -3.7990315e+00,  2.6212695e-01,
        3.2797754e-01,  4.1757655e-04,  1.5978256e-03,  1.5978256e-03,
        1.0634537e-02,  4.4638497e-01,  1.6694946e-02,  4.9932230e-01,
        5.6837848e-03,  4.9507576e-03,  7.8272674e-04,  1.6598923e-04,
        1.5978256e-03,  3.1422765e-03,  9.8058987e-01], dtype=float32)], [array([-3.9767090e-02,  1.5013731e+00,  1.3424858e+00, -9.8832488e-01,
        2.5608478e+00,  3.2103324e-01, -2.9231182e-01, -3.1697881e+00,
        6.1428514e+00,  6.2595695e-02,  6.9149172e-01,  6.9149172e-01,
        2.8064385e-01,  1.8738145e-01,  7.3678720e-01,  1.7871585e-02,
        1.3917634e-01,  1.4146897e-01,  1.2438064e-03,  7.5186690e-04,
        6.9149172e-01,  2.0137357e-03,  2.1945568e-02], dtype=float32), array([ 1.7194231e-01,  4.1772279e-01,  5.5590087e-01,  3.4414699e+00,
        9.1430426e-01,  2.6693624e-01,  5.2962595e-01, -3.2197065e+00,
        1.0630615e+00,  3.5548456e-02,  1.4497826e-02,  1.4497826e-02,
        9.7158581e-01,  2.6721258e-02,  9.6188432e-01,  6.8619712e-03,
        9.5182776e-02,  8.7640834e-01,  6.7968597e-03,  6.8126349e-03,
        1.4497826e-02,  6.1703962e-05,  7.0756461e-05], dtype=float32), array([ 5.7958156e-01,  1.3964173e-01,  6.7340618e-01,  9.5718729e-01,
        6.9670957e-01, -3.0156338e-01, -7.6032266e-02, -5.6851834e-01,
        3.6491486e-01,  7.5336164e-01,  8.7989110e-04,  8.7989110e-04,
        2.4368300e-01,  6.1783977e-02,  9.2775768e-01,  7.1120216e-03,
        8.5320197e-02,  1.5836583e-01,  4.2785996e-01,  2.9045397e-01,
        8.7989110e-04,  5.3596112e-04,  6.7825596e-05], dtype=float32), array([ 7.3953646e-01, -4.6685311e-01,  7.2078243e-02,  4.3825138e-01,
        6.8539417e-01,  2.3205127e-01,  2.7290940e-01,  3.0494645e-01,
        2.4065585e-01,  9.3782026e-01,  1.5620546e-07,  1.5620546e-07,
        2.5534944e-04,  4.0105019e-02,  9.5683634e-01,  3.0448115e-03,
        1.0312118e-04,  1.5223125e-04,  8.5262084e-01,  4.2800970e-02,
        1.5620546e-07,  3.7278235e-03,  1.1783535e-04], dtype=float32), array([ 2.6465297e-01, -4.5614034e-01, -3.0056721e-01,  1.5834147e-01,
        6.1018652e-01,  5.9512401e-01,  5.6004190e-01,  3.0585831e-01,
        5.6989763e-02,  7.8307325e-03,  5.4487448e-12,  5.4487448e-12,
        3.8036365e-08,  1.3663992e-02,  9.8088354e-01,  5.4513169e-03,
        1.9121474e-08,  1.8914969e-08,  3.1655252e-01,  3.4344792e-01,
        5.4487448e-12,  6.6375965e-03,  2.0125277e-04], dtype=float32), array([ 1.5088215e-01, -7.2458081e-02,  3.3066969e-02,  9.7217217e-02,
        3.7539119e-01,  6.9064021e-01,  5.4753178e-01,  3.0555621e-01,
       -1.9198065e-01,  5.2619138e-04,  4.4299122e-07,  4.4299122e-07,
        8.4421685e-05,  5.2158368e-01,  4.6243763e-01,  1.5974885e-02,
        8.2757186e-05,  1.6648112e-06,  3.9996603e-01,  5.0883979e-01,
        4.4299122e-07,  6.6177878e-03,  6.9397287e-03], dtype=float32), array([-1.6539624e+00,  6.6980863e-01, -6.2873948e-01,  1.8861508e-01,
        2.0272495e-01,  1.0979310e+00,  5.8472186e-01,  9.0975389e-02,
       -1.2877367e-01,  7.7114784e-04,  1.7275021e-03,  1.7275021e-03,
        5.8375169e-02,  4.7738409e-01,  4.7449005e-01,  4.5026500e-02,
        5.7273466e-02,  1.1017995e-03,  4.3658319e-01,  2.2386764e-01,
        1.7275021e-03,  4.7394624e-03,  2.2682193e-01], dtype=float32), array([-2.1916459 ,  3.2783434 , -0.03104591,  0.03933821,  0.7554767 ,
        1.6798879 , -0.6576257 , -2.0104663 ,  0.7670047 ,  0.02540815,
        0.08741871,  0.08741871,  0.5604533 ,  0.19671889,  0.65042794,
        0.1278491 ,  0.5407301 ,  0.01972114,  0.05663653,  0.02278786,
        0.08741871,  0.01103799,  0.25812438], dtype=float32)], [array([-9.5230684e-02,  4.5293245e-01, -3.0172721e-04, -6.3238639e-01,
        3.7367564e-01, -2.5837296e-01, -2.7269426e-01, -3.2503402e+00,
        5.4707718e-01,  6.6645414e-01,  5.9606511e-02,  5.9606511e-02,
        9.3504721e-01,  4.7487760e-01,  5.0949377e-01,  1.0082305e-02,
        9.2626148e-01,  8.7847635e-03,  7.5005193e-04,  4.7391682e-04,
        5.9606511e-02,  5.8682018e-04,  3.4364359e-03], dtype=float32), array([-2.69272357e-01, -8.60857368e-01, -1.07237136e+00,  7.27319062e-01,
        7.02780604e-01, -7.87768126e-01, -4.62838113e-01, -3.26779270e+00,
        1.53462887e-01,  3.35367629e-03,  3.66736145e-04,  3.66736145e-04,
        9.99163449e-01,  3.51780146e-01,  4.98184502e-01,  1.07883185e-01,
        9.94423389e-01,  4.74225823e-03,  2.45206138e-05,  7.60189187e-06,
        3.66736145e-04,  5.36551524e-05,  1.41799756e-05], dtype=float32), array([ 3.4674197e-01, -7.5276917e-01, -5.2895284e-01,  6.6986430e-01,
        7.4160475e-01, -3.6526835e-01, -2.1937598e-01, -1.4448388e+00,
        2.2744231e-01,  3.4841627e-01,  5.0861144e-04,  5.0861144e-04,
        4.8915407e-01,  4.5013410e-01,  4.3831569e-01,  5.0587125e-02,
        4.4872791e-01,  4.0422533e-02,  2.4890915e-01,  2.9970786e-02,
        5.0861144e-04,  3.2219784e-03,  6.6487244e-03], dtype=float32), array([ 6.6942155e-01, -4.7376084e-01, -6.8076290e-02,  3.7215081e-01,
        8.0875528e-01,  3.0341944e-01,  4.2402586e-01,  3.0498874e-01,
        2.2489889e-01,  9.4054693e-01,  3.3081822e-08,  3.3081822e-08,
        2.4358717e-04,  9.5232445e-01,  2.9015720e-02,  1.8069431e-02,
        2.1941216e-04,  2.4174280e-05,  6.9927591e-01,  2.1489656e-02,
        3.3081822e-08,  2.5400157e-05,  7.3003852e-05], dtype=float32), array([ 2.8739709e-01, -7.4912357e-01, -6.0240465e-01,  4.0724435e-01,
        1.1956079e+00,  5.5971587e-01,  5.6082243e-01,  3.0585852e-01,
        1.7234647e-01,  6.8031861e-03,  7.3698523e-13,  7.3698523e-13,
        2.0077325e-08,  5.6947696e-01,  2.0178206e-02,  4.1034463e-01,
        1.7685931e-08,  2.3913680e-09,  7.0908058e-01,  1.1825168e-01,
        7.3698523e-13,  9.4725638e-06,  1.2675907e-04], dtype=float32), array([-9.9659961e-01, -4.8780382e-01, -1.1029098e+00,  2.7592650e-01,
        4.6365565e-01,  8.6925966e-01,  8.2107264e-01,  3.0543977e-01,
       -1.0470553e-01,  2.8210541e-03,  9.3540098e-07,  9.3540098e-07,
        1.1399471e-04,  5.8464521e-01,  2.8337309e-01,  1.3198489e-01,
        1.1007794e-04,  3.9162596e-06,  5.8381033e-01,  2.6736593e-01,
        9.3540098e-07,  4.0367493e-04,  7.5049438e-02], dtype=float32), array([-2.6963544e+00, -3.1998795e-01, -1.9635642e+00,  2.5765786e-01,
        1.7445622e-01,  1.2144989e+00,  1.1564118e+00,  3.0536449e-01,
       -2.8930321e-01,  9.6345520e-06,  2.0875711e-06,  2.0875711e-06,
        1.3673057e-04,  5.7554483e-01,  4.2443806e-01,  1.7602835e-05,
        1.3634916e-04,  3.8172794e-07,  7.2097725e-01,  2.6531374e-01,
        2.0875711e-06,  2.4234075e-07,  1.3558239e-02], dtype=float32), array([-2.1151140e+00,  1.8991023e-01, -1.4107033e+00, -4.6469461e-02,
        7.1425498e-02,  9.4246745e-01,  7.5078648e-01, -6.7407823e-01,
        3.1970046e-02,  1.5813386e-01,  2.9711368e-02,  2.9711368e-02,
        2.4437439e-01,  5.3811902e-01,  4.5218828e-01,  4.8755915e-03,
        2.3881523e-01,  5.5574835e-03,  3.7041417e-01,  2.0189461e-01,
        2.9711368e-02,  1.4736832e-03,  1.5188067e-01], dtype=float32)], [array([-0.7907262 , -0.54204845, -1.1908389 , -0.6130088 , -0.00789032,
       -0.5381187 , -0.7189802 , -0.9516887 , -0.02842616,  0.7123998 ,
        0.00796807,  0.00796807,  0.34376475,  0.49056157,  0.48675892,
        0.01484726,  0.3412325 ,  0.00253037,  0.00661504,  0.01019476,
        0.00796807,  0.24953786,  0.37814152], dtype=float32), array([-6.51501790e-02, -9.05622959e-01, -9.10432637e-01,  1.07653715e-01,
        4.51934576e-01, -8.74781966e-01, -1.00787330e+00, -8.62870336e-01,
       -1.55396266e-02,  5.45891881e-01,  7.41219148e-04,  7.41219148e-04,
        3.26141149e-01,  2.20607877e-01,  7.03056991e-01,  3.32537107e-02,
        3.24770778e-01,  1.37894019e-03,  1.07877434e-03,  8.79386862e-05,
        7.41219148e-04,  5.04487038e-01,  5.55221699e-02], dtype=float32), array([ 1.3519717e+00, -1.3618448e+00, -6.1923844e-01,  3.2976204e-01,
        6.7761254e-01, -7.0961356e-01, -9.9079740e-01,  2.4997000e-01,
        1.3349819e-01,  6.5084368e-02,  3.9766824e-06,  3.9766824e-06,
        1.5628852e-02,  4.9981017e-02,  7.4334466e-01,  1.9751093e-03,
        1.5507627e-02,  1.2127466e-04,  3.5930913e-02,  1.1613712e-03,
        3.9766824e-06,  2.5256982e-02,  5.5772845e-02], dtype=float32), array([ 7.7349168e-01, -5.3200048e-01,  5.1055690e-03,  5.1223385e-01,
       -2.2862123e-01,  2.1005975e-01,  2.2291964e-01,  3.0525488e-01,
       -4.2428818e-02,  8.7454635e-01,  1.0625389e-08,  1.0625389e-08,
        1.6914721e-04,  9.4789004e-01,  3.0022588e-02,  1.4364546e-02,
        1.6674161e-04,  2.4059125e-06,  9.1078770e-01,  2.0302407e-02,
        1.0625389e-08,  2.8579135e-04,  7.2520678e-03], dtype=float32), array([ 3.29488397e-01, -6.96627259e-01, -5.13273239e-01,  4.78605747e-01,
        3.23537849e-02,  5.55696607e-01,  5.60565591e-01,  3.05858523e-01,
       -1.15602240e-01,  5.65574737e-03,  1.70762018e-13,  1.70762018e-13,
        1.25642439e-08,  9.85810518e-01,  1.53518457e-04,  1.40315304e-02,
        1.23323645e-08,  2.31914710e-10,  6.93315089e-01,  2.81736851e-01,
        1.70762018e-13,  5.50149402e-08,  2.20279580e-05], dtype=float32), array([-1.0001029e+00, -5.7401782e-01, -1.1986518e+00,  3.5242781e-01,
       -5.7028770e-01,  8.4111315e-01,  8.1828952e-01,  3.0583027e-01,
       -3.5248566e-01,  6.4723170e-03,  7.8563524e-08,  7.8563524e-08,
        6.2422528e-06,  6.0879117e-01,  2.1265660e-01,  1.7856169e-01,
        5.8947953e-06,  3.4751426e-07,  5.1557261e-01,  4.2624786e-01,
        7.8563524e-08,  3.2864916e-06,  3.4193404e-02], dtype=float32), array([-2.6952152e+00, -3.2150578e-01, -1.9639434e+00,  2.4828215e-01,
       -1.1613117e+00,  1.2142684e+00,  1.1564715e+00,  3.0584711e-01,
       -5.7548785e-01,  1.6639555e-05,  1.2139094e-07,  1.2139094e-07,
        3.2987575e-06,  5.1733685e-01,  4.8228490e-01,  3.7905783e-04,
        3.2815865e-06,  1.7189318e-08,  2.4747601e-01,  7.4551308e-01,
        1.2139094e-07,  4.5452674e-07,  6.9907634e-03], dtype=float32), array([-2.4284744e+00, -4.3848768e-01, -1.9237016e+00, -6.4275698e-03,
       -7.3193920e-01,  1.1554921e+00,  1.0916797e+00,  2.6279137e-01,
       -3.2362592e-01,  2.9254645e-02,  4.4405795e-04,  4.4405795e-04,
        1.1602531e-02,  6.4962167e-01,  3.5009289e-01,  1.8149852e-04,
        1.1520950e-02,  8.1634178e-05,  6.0381416e-02,  1.2153107e-01,
        4.4405795e-04,  2.9178145e-03,  8.0311418e-01], dtype=float32)], [array([-1.3169910e+00, -8.7466890e-01, -1.9441491e+00, -1.5240102e+00,
       -3.0617705e-01, -9.3747723e-01, -1.3490610e+00,  3.0505598e-01,
       -1.8419805e-01,  9.9759054e-01,  3.8822582e-06,  3.8822582e-06,
        2.2132520e-04,  5.6029600e-01,  4.3961054e-01,  1.1113583e-05,
        2.2109330e-04,  2.3195201e-07,  2.9499239e-05,  7.7547375e-05,
        3.8822582e-06,  1.0895220e-01,  8.9064962e-01], dtype=float32), array([-2.6498231e-01, -8.3759856e-01, -8.4409499e-01, -1.9653563e-01,
        3.3813339e-01, -9.7675544e-01, -1.3581026e+00,  3.0585217e-01,
       -1.4317071e-01,  9.9891680e-01,  3.8937071e-09,  3.8937071e-09,
        1.5723740e-06,  1.8549940e-01,  8.1448871e-01,  1.5382760e-07,
        1.5719884e-06,  3.8329523e-10,  7.2584122e-08,  2.1394126e-07,
        3.8937071e-09,  9.9805903e-01,  1.8749414e-03], dtype=float32), array([ 6.38081253e-01, -1.26755261e+00, -8.99057090e-01, -8.16728920e-02,
        1.72864757e-02, -8.58504176e-01, -6.84687018e-01,  3.05730671e-01,
       -3.70665550e-01,  6.83652908e-02,  6.41068976e-09,  6.41068976e-09,
        3.60035374e-05,  1.42151825e-02,  9.81809616e-01,  2.07362136e-05,
        3.59642436e-05,  3.92773245e-08,  1.39820564e-03,  3.44157615e-03,
        6.41068976e-09,  6.28650412e-02,  9.09179568e-01], dtype=float32), array([ 4.2295647e-01, -9.1189164e-01, -1.6278818e-01,  2.7219260e-01,
       -5.2012950e-01,  6.5907635e-02,  1.8607843e-01,  3.0572701e-01,
       -3.3341256e-01,  4.9893999e-01,  1.1029571e-09,  1.1029571e-09,
        3.4979708e-05,  5.9938246e-01,  3.7034377e-01,  2.3574352e-02,
        3.4856399e-05,  1.2359276e-07,  3.2797632e-01,  3.1763026e-01,
        1.1029571e-09,  1.0897984e-02,  1.9337776e-01], dtype=float32), array([ 2.6536670e-01, -6.3658839e-01, -4.8398048e-01,  5.1291454e-01,
       -1.2229077e+00,  5.4501528e-01,  5.5547541e-01,  3.0585903e-01,
       -5.1211751e-01,  4.4770714e-02,  4.2531947e-14,  4.2531947e-14,
        6.0226442e-09,  9.6439761e-01,  8.4904870e-03,  2.7100550e-02,
        5.9956866e-09,  2.6966838e-11,  9.1852570e-01,  5.8205415e-02,
        4.2531947e-14,  3.9791645e-05,  1.7567528e-03], dtype=float32), array([ 2.2298644e-01, -8.7866586e-01, -7.8581834e-01,  3.8170248e-01,
       -8.1258756e-01,  5.6587952e-01,  5.6591535e-01,  3.0585873e-01,
       -4.4267979e-01,  4.8558498e-03,  2.0617623e-10,  2.0617623e-10,
        2.1314523e-08,  1.2886517e-01,  5.0692242e-02,  8.2045007e-01,
        2.0498083e-08,  8.1659973e-10,  6.2211156e-01,  3.3150071e-01,
        2.0617623e-10,  2.1322401e-05,  2.3858920e-03], dtype=float32), array([-1.4805275e+00, -3.2762700e-01, -1.3307669e+00, -1.3837147e-01,
       -1.0430917e+00,  7.9559588e-01,  7.5789732e-01,  3.0569273e-01,
       -4.5847717e-01,  1.6162746e-01,  5.7729915e-07,  5.7729915e-07,
        4.6093435e-05,  4.0761039e-01,  4.6288443e-01,  1.2950683e-01,
        4.5655379e-05,  4.3793793e-07,  2.5534362e-01,  5.0339890e-01,
        5.7729915e-07,  6.3237012e-04,  2.2167441e-01], dtype=float32), array([-9.5129985e-01, -1.5794940e-01, -1.0919622e+00, -1.6329806e+00,
       -5.4988366e-01, -1.6613682e-01, -2.9119462e-01,  3.0180374e-01,
       -1.9328621e-01,  7.6812637e-01,  1.7236498e-05,  1.7236498e-05,
        1.1175768e-03,  5.4487908e-01,  4.5384496e-01,  1.1653337e-03,
        1.1141694e-03,  3.4132522e-06,  3.4645259e-02,  8.6998828e-02,
        1.7236498e-05,  3.7637360e-02,  8.3847260e-01], dtype=float32)]]
mapped = [array([5, 6]), array([2, 2]), array([2, 2]), array([4, 1]), array([0, 3]), array([6, 4]), array([0, 4]), array([6, 6]), array([5, 1]), array([6, 7]), array([2, 0]), array([4, 4]), array([5, 1]), array([5, 4]), array([5, 6]), array([3, 5]), array([3, 2]), array([2, 2]), array([3, 5]), array([1, 4]), array([5, 6]), array([6, 2]), array([3, 7]), array([7, 1]), array([7, 4]), array([1, 3]), array([0, 0]), array([6, 4]), array([2, 6]), array([5, 0]), array([5, 6]), array([2, 2]), array([7, 4]), array([4, 4]), array([5, 6]), array([7, 5]), array([6, 4]), array([2, 6]), array([2, 4]), array([1, 1]), array([1, 7]), array([4, 4]), array([0, 0]), array([3, 2]), array([1, 7]), array([5, 6]), array([2, 2]), array([5, 6]), array([5, 1]), array([2, 2]), array([3, 2]), array([5, 6]), array([6, 4]), array([2, 2]), array([2, 0]), array([7, 0]), array([0, 4]), array([7, 1]), array([3, 2]), array([3, 6]), array([3, 2]), array([3, 2]), array([4, 0]), array([2, 2]), array([5, 4]), array([6, 4]), array([4, 4]), array([5, 6]), array([0, 0]), array([6, 4]), array([6, 4]), array([6, 6]), array([7, 4]), array([2, 6]), array([4, 4]), array([5, 3]), array([2, 4]), array([3, 5]), array([3, 2]), array([1, 7]), array([7, 1]), array([6, 3]), array([3, 2]), array([0, 5]), array([6, 3]), array([3, 4]), array([1, 7]), array([7, 5]), array([1, 7]), array([5, 4]), array([6, 2]), array([0, 4]), array([3, 2]), array([6, 6]), array([2, 4]), array([2, 7]), array([4, 3]), array([0, 2]), array([0, 3]), array([2, 0]), array([3, 2]), array([3, 7]), array([3, 5]), array([2, 3]), array([2, 2]), array([0, 7]), array([5, 1]), array([0, 7]), array([7, 1]), array([5, 1]), array([6, 2]), array([5, 3]), array([1, 3]), array([1, 7]), array([5, 3]), array([0, 0]), array([1, 7]), array([0, 0]), array([2, 2]), array([1, 7]), array([7, 4]), array([7, 1]), array([7, 5]), array([3, 2]), array([0, 3]), array([3, 2]), array([3, 7]), array([3, 4]), array([3, 4]), array([2, 0]), array([4, 5]), array([7, 5]), array([3, 5]), array([2, 2]), array([6, 4]), array([6, 2]), array([6, 4]), array([5, 3]), array([4, 5]), array([4, 0]), array([6, 6]), array([1, 7]), array([3, 6]), array([5, 4]), array([4, 3]), array([3, 7]), array([3, 3]), array([1, 4]), array([7, 2]), array([7, 1]), array([7, 1]), array([7, 1]), array([3, 2]), array([1, 7]), array([6, 6]), array([6, 6]), array([5, 6]), array([0, 5]), array([7, 2]), array([4, 4]), array([5, 4]), array([2, 5]), array([6, 6]), array([0, 0]), array([4, 5]), array([2, 6]), array([1, 1]), array([0, 3]), array([5, 1]), array([4, 4]), array([0, 6]), array([2, 4]), array([2, 5]), array([7, 5]), array([0, 5]), array([5, 0]), array([2, 0]), array([1, 7]), array([5, 6]), array([4, 4]), array([7, 0]), array([3, 3]), array([2, 2]), array([7, 5]), array([3, 5]), array([0, 7]), array([3, 7]), array([5, 6]), array([7, 4]), array([0, 7]), array([1, 6]), array([0, 5]), array([4, 3]), array([1, 1]), array([5, 6]), array([6, 4]), array([3, 2]), array([5, 0]), array([5, 6]), array([3, 0]), array([7, 0]), array([2, 5]), array([5, 0]), array([7, 4]), array([2, 2]), array([4, 1]), array([4, 4]), array([7, 1]), array([6, 6]), array([0, 7]), array([6, 4]), array([5, 0]), array([3, 3]), array([1, 1]), array([7, 1]), array([7, 2]), array([6, 4]), array([2, 4]), array([2, 2]), array([0, 0]), array([2, 0]), array([3, 0]), array([0, 4]), array([3, 4]), array([7, 1]), array([6, 4]), array([6, 6]), array([6, 4]), array([5, 0]), array([0, 4]), array([6, 4]), array([3, 5]), array([0, 5]), array([4, 4]), array([7, 4]), array([6, 2]), array([0, 0]), array([2, 2]), array([0, 3]), array([2, 5]), array([4, 1]), array([7, 5]), array([5, 4]), array([3, 6]), array([6, 3]), array([6, 4]), array([7, 0]), array([6, 6]), array([3, 2]), array([2, 4]), array([7, 1]), array([5, 1]), array([4, 1]), array([4, 4]), array([5, 1]), array([2, 5]), array([1, 1]), array([1, 3]), array([2, 2]), array([2, 0]), array([2, 2]), array([4, 3]), array([0, 4]), array([6, 6]), array([4, 4]), array([7, 1]), array([0, 3]), array([2, 6]), array([0, 4]), array([1, 1]), array([2, 2]), array([7, 1]), array([5, 4]), array([5, 3]), array([7, 2]), array([3, 2]), array([3, 4]), array([3, 6]), array([5, 4]), array([6, 4]), array([6, 3]), array([3, 7]), array([3, 7]), array([6, 3]), array([5, 4]), array([4, 4]), array([0, 3]), array([5, 4]), array([1, 4]), array([7, 5]), array([2, 6]), array([2, 7]), array([5, 6]), array([2, 2]), array([1, 6]), array([1, 7]), array([4, 3]), array([4, 0]), array([7, 0]), array([0, 7]), array([6, 4]), array([5, 4]), array([1, 7]), array([4, 3]), array([4, 5]), array([2, 5]), array([5, 0]), array([2, 3]), array([5, 1]), array([3, 2]), array([0, 7]), array([0, 2]), array([7, 1]), array([5, 4]), array([3, 3]), array([2, 0]), array([3, 3]), array([3, 2]), array([6, 4]), array([2, 6]), array([7, 2]), array([0, 7]), array([6, 2]), array([2, 0]), array([5, 1]), array([1, 3]), array([2, 4]), array([3, 2]), array([3, 2]), array([5, 3]), array([6, 6]), array([1, 7]), array([3, 2]), array([2, 4]), array([3, 2]), array([1, 7]), array([2, 0]), array([6, 4]), array([4, 1]), array([3, 6]), array([6, 3]), array([3, 3]), array([2, 6]), array([6, 3]), array([3, 0]), array([4, 5]), array([6, 4]), array([3, 6]), array([7, 5]), array([0, 3]), array([6, 6]), array([2, 6]), array([6, 4]), array([5, 6]), array([0, 3]), array([5, 0]), array([3, 4]), array([7, 4]), array([3, 2]), array([2, 5]), array([6, 3]), array([6, 6]), array([5, 1]), array([5, 6]), array([0, 0]), array([7, 2]), array([7, 5]), array([2, 5]), array([4, 4]), array([0, 3]), array([5, 6]), array([7, 0]), array([2, 2]), array([6, 4]), array([5, 3]), array([0, 5]), array([6, 3]), array([7, 0]), array([2, 2]), array([4, 3]), array([1, 1]), array([3, 4]), array([1, 4]), array([1, 7]), array([2, 5]), array([7, 1]), array([4, 3]), array([3, 3]), array([5, 4]), array([3, 5]), array([1, 7]), array([7, 2]), array([3, 7]), array([3, 2]), array([3, 7]), array([5, 1]), array([5, 6]), array([4, 4]), array([2, 5]), array([7, 1]), array([3, 2]), array([2, 3]), array([0, 4]), array([2, 0]), array([2, 4]), array([7, 1]), array([5, 0]), array([1, 1]), array([6, 4]), array([6, 2]), array([2, 2]), array([5, 1]), array([6, 6]), array([6, 4]), array([2, 6]), array([0, 3]), array([5, 4]), array([1, 1]), array([5, 0]), array([5, 4]), array([2, 5]), array([3, 7]), array([3, 2]), array([4, 4]), array([4, 1]), array([2, 2]), array([7, 1]), array([0, 2]), array([7, 1]), array([7, 2]), array([7, 2]), array([6, 2]), array([0, 0]), array([6, 4]), array([1, 5]), array([3, 6]), array([0, 4]), array([0, 3]), array([0, 5]), array([6, 6]), array([3, 4]), array([1, 4]), array([5, 1]), array([7, 1]), array([2, 3]), array([3, 2]), array([0, 3]), array([2, 5]), array([7, 1]), array([0, 3]), array([4, 4]), array([2, 7]), array([3, 2]), array([2, 4]), array([4, 3]), array([5, 1]), array([0, 5]), array([4, 4]), array([7, 2]), array([6, 7]), array([2, 4]), array([4, 7]), array([0, 6]), array([6, 3]), array([0, 7]), array([3, 7]), array([0, 7]), array([5, 1]), array([5, 3]), array([5, 6]), array([1, 4]), array([1, 1]), array([2, 6]), array([0, 2]), array([2, 2]), array([6, 2]), array([2, 7]), array([2, 5]), array([7, 2]), array([5, 4]), array([5, 4]), array([2, 3]), array([0, 2]), array([0, 0]), array([0, 7]), array([1, 5]), array([4, 4]), array([1, 1]), array([3, 4]), array([7, 1]), array([1, 5]), array([2, 6]), array([2, 5]), array([2, 2]), array([7, 4]), array([0, 7]), array([1, 1]), array([0, 5]), array([4, 4]), array([4, 0]), array([6, 2]), array([5, 6]), array([0, 4]), array([1, 1]), array([6, 6]), array([7, 5]), array([5, 1]), array([5, 4]), array([1, 4]), array([0, 4]), array([2, 7]), array([1, 7]), array([6, 6]), array([5, 6]), array([0, 4]), array([0, 5]), array([2, 4]), array([0, 7]), array([3, 7]), array([0, 5]), array([4, 3]), array([1, 7]), array([6, 3]), array([0, 7]), array([3, 4]), array([5, 1]), array([6, 4]), array([1, 7]), array([7, 1]), array([1, 1]), array([7, 2]), array([2, 4]), array([0, 5]), array([2, 2]), array([0, 5]), array([1, 1]), array([5, 0]), array([1, 5]), array([2, 4]), array([5, 1]), array([0, 7]), array([0, 4]), array([7, 1]), array([3, 5]), array([1, 6]), array([4, 1]), array([5, 0]), array([5, 1]), array([0, 6]), array([3, 5]), array([3, 3]), array([7, 2]), array([0, 0]), array([5, 1]), array([0, 0]), array([6, 6]), array([3, 2]), array([4, 1]), array([2, 4]), array([3, 0]), array([2, 4]), array([5, 0]), array([6, 6]), array([6, 2]), array([1, 3]), array([4, 3]), array([7, 0]), array([6, 7]), array([0, 4]), array([6, 3]), array([4, 3]), array([3, 0]), array([2, 2]), array([5, 3]), array([1, 1]), array([4, 4]), array([0, 0]), array([1, 7]), array([2, 2]), array([1, 7]), array([4, 3]), array([4, 4]), array([2, 3]), array([3, 6]), array([7, 5]), array([2, 0]), array([1, 6]), array([5, 1]), array([6, 6]), array([0, 4]), array([6, 4]), array([4, 5]), array([5, 1]), array([6, 4]), array([1, 3]), array([6, 3]), array([5, 1]), array([5, 1]), array([4, 4]), array([4, 4]), array([5, 4]), array([7, 1]), array([5, 4]), array([7, 1]), array([4, 7]), array([5, 6]), array([5, 6]), array([2, 6]), array([6, 2]), array([7, 2]), array([5, 4]), array([1, 1]), array([0, 0]), array([2, 6]), array([7, 2]), array([0, 3]), array([4, 4]), array([5, 1]), array([1, 3]), array([6, 6]), array([5, 6]), array([1, 6]), array([0, 5]), array([6, 4]), array([0, 3]), array([3, 2]), array([5, 4]), array([6, 3]), array([1, 1]), array([3, 2]), array([1, 5]), array([5, 6]), array([5, 4]), array([1, 1]), array([7, 2]), array([2, 5]), array([6, 4]), array([4, 1]), array([1, 7]), array([2, 2]), array([6, 4]), array([7, 0]), array([5, 6]), array([3, 2]), array([4, 4]), array([1, 1]), array([0, 0]), array([5, 6]), array([7, 1]), array([3, 2]), array([2, 6]), array([7, 1]), array([3, 2]), array([0, 7]), array([3, 5]), array([7, 1]), array([3, 2]), array([5, 0]), array([1, 4]), array([6, 3]), array([2, 2]), array([4, 4]), array([1, 7]), array([3, 2]), array([4, 0]), array([5, 1]), array([3, 4]), array([5, 6]), array([0, 5]), array([3, 4]), array([7, 1]), array([4, 5]), array([7, 1]), array([3, 2]), array([4, 0]), array([2, 2]), array([0, 4]), array([1, 6]), array([2, 4]), array([1, 1]), array([2, 0]), array([5, 0]), array([7, 2]), array([3, 2]), array([3, 2]), array([4, 0]), array([5, 1]), array([5, 1]), array([2, 0]), array([6, 6]), array([1, 7]), array([3, 7]), array([5, 0]), array([1, 3]), array([0, 3]), array([6, 6]), array([2, 6]), array([4, 4]), array([2, 5]), array([1, 1]), array([3, 5]), array([1, 1]), array([5, 0]), array([1, 1]), array([1, 1]), array([4, 3]), array([2, 0]), array([4, 1]), array([0, 3]), array([4, 7]), array([7, 5]), array([7, 1]), array([3, 4]), array([2, 5]), array([7, 1]), array([4, 4]), array([0, 3]), array([1, 6]), array([5, 0]), array([3, 2]), array([7, 5]), array([1, 5]), array([3, 2]), array([2, 2]), array([3, 2]), array([2, 2]), array([6, 6]), array([7, 0]), array([0, 7]), array([4, 1]), array([5, 6]), array([7, 5]), array([7, 2]), array([0, 3]), array([4, 1]), array([1, 1]), array([6, 7]), array([2, 2]), array([3, 7]), array([1, 1]), array([7, 4]), array([2, 2]), array([1, 7]), array([3, 4]), array([0, 2]), array([1, 6]), array([7, 4]), array([3, 7]), array([3, 2]), array([5, 1]), array([5, 3]), array([2, 5]), array([5, 1]), array([7, 0]), array([5, 1]), array([2, 2]), array([2, 2]), array([3, 3]), array([6, 6]), array([2, 2]), array([6, 6]), array([4, 4]), array([2, 2]), array([5, 1]), array([1, 1]), array([0, 4]), array([0, 7]), array([6, 4]), array([0, 4]), array([2, 2]), array([2, 5]), array([2, 2]), array([1, 7]), array([1, 7]), array([5, 0]), array([2, 0]), array([0, 7]), array([0, 7]), array([2, 2]), array([0, 6]), array([6, 4]), array([0, 7]), array([2, 4]), array([4, 1]), array([2, 2]), array([2, 5]), array([0, 6]), array([2, 3]), array([6, 4]), array([2, 6]), array([1, 7]), array([5, 4]), array([1, 5]), array([5, 0]), array([4, 4]), array([3, 5]), array([3, 2]), array([5, 4]), array([5, 1]), array([6, 3]), array([2, 2]), array([4, 4]), array([6, 2]), array([2, 2]), array([7, 1]), array([3, 2]), array([7, 0]), array([1, 1]), array([7, 1]), array([3, 3]), array([7, 1]), array([4, 3]), array([0, 3]), array([2, 4]), array([1, 1]), array([7, 1]), array([7, 1]), array([2, 2]), array([0, 3]), array([3, 7]), array([4, 4]), array([7, 4]), array([2, 6]), array([4, 1]), array([0, 5]), array([3, 5]), array([1, 7]), array([3, 2]), array([3, 2]), array([5, 0]), array([7, 1]), array([4, 4]), array([7, 2]), array([0, 3]), array([5, 6]), array([3, 5]), array([7, 1]), array([6, 2]), array([5, 0]), array([2, 2]), array([7, 4]), array([5, 1]), array([0, 4]), array([5, 0]), array([1, 1]), array([7, 1]), array([7, 1]), array([0, 3]), array([4, 4]), array([4, 0]), array([4, 1]), array([3, 7]), array([3, 2]), array([6, 4]), array([0, 6]), array([3, 7]), array([5, 3]), array([4, 4]), array([2, 4]), array([2, 2]), array([0, 0]), array([1, 1]), array([3, 2]), array([5, 3]), array([7, 5]), array([6, 3]), array([6, 3]), array([2, 3]), array([2, 2]), array([7, 5]), array([0, 6]), array([7, 2]), array([6, 4]), array([5, 0]), array([1, 1]), array([1, 1]), array([0, 7]), array([6, 3]), array([5, 4]), array([0, 6]), array([1, 7]), array([2, 4]), array([3, 2]), array([3, 2]), array([2, 2]), array([5, 4]), array([3, 5]), array([5, 3]), array([4, 0]), array([2, 6]), array([1, 1]), array([2, 0]), array([3, 2]), array([3, 0]), array([3, 7]), array([0, 5]), array([3, 2]), array([0, 5]), array([6, 4]), array([7, 0]), array([7, 1]), array([5, 1]), array([7, 2]), array([2, 2]), array([2, 6]), array([1, 7]), array([3, 6]), array([4, 4]), array([3, 7]), array([3, 5]), array([2, 0]), array([1, 5]), array([2, 5]), array([1, 1]), array([1, 1]), array([7, 3]), array([3, 7]), array([5, 6]), array([2, 2]), array([7, 1]), array([2, 0]), array([3, 3]), array([4, 4]), array([4, 1]), array([5, 3]), array([6, 2]), array([7, 4]), array([0, 3]), array([3, 2]), array([0, 6]), array([2, 5]), array([0, 4]), array([7, 1]), array([6, 7]), array([7, 1]), array([6, 6]), array([6, 2]), array([2, 6]), array([2, 5]), array([3, 7]), array([2, 7]), array([3, 4]), array([1, 7]), array([7, 1]), array([3, 7]), array([3, 3]), array([2, 5]), array([2, 0]), array([4, 1]), array([0, 5]), array([2, 0]), array([6, 7]), array([5, 6]), array([7, 1]), array([0, 3]), array([3, 7]), array([3, 5]), array([3, 2]), array([4, 4]), array([1, 1]), array([3, 2]), array([6, 2]), array([0, 3]), array([3, 3]), array([0, 2]), array([6, 6]), array([7, 2]), array([6, 3]), array([0, 3]), array([1, 1]), array([1, 7]), array([5, 0]), array([3, 6]), array([7, 4]), array([7, 1]), array([7, 2]), array([2, 5]), array([5, 1]), array([2, 0]), array([7, 2]), array([0, 3]), array([7, 2]), array([2, 3]), array([3, 5]), array([7, 4]), array([0, 7]), array([0, 4]), array([0, 5]), array([2, 2]), array([3, 2]), array([0, 2]), array([5, 4]), array([7, 1]), array([1, 6]), array([1, 1]), array([5, 4]), array([5, 1]), array([0, 4]), array([6, 2]), array([5, 6]), array([1, 3]), array([7, 5]), array([7, 1]), array([2, 2]), array([7, 0]), array([7, 1]), array([5, 3]), array([7, 1]), array([7, 4]), array([1, 1]), array([3, 2]), array([5, 1]), array([1, 3]), array([1, 6]), array([7, 0]), array([1, 1]), array([1, 1]), array([5, 1]), array([3, 7]), array([1, 3]), array([2, 0]), array([5, 1]), array([3, 5]), array([3, 7]), array([4, 1]), array([3, 7]), array([3, 2]), array([7, 2]), array([3, 5]), array([4, 4]), array([1, 7]), array([2, 2]), array([7, 5]), array([1, 7]), array([3, 7]), array([0, 5]), array([3, 2]), array([3, 2]), array([2, 7]), array([7, 2]), array([0, 5]), array([6, 4]), array([3, 4]), array([5, 3]), array([3, 7]), array([3, 4]), array([1, 6]), array([1, 4]), array([2, 0]), array([2, 4]), array([7, 1]), array([6, 6]), array([1, 4]), array([4, 4]), array([3, 6]), array([1, 6]), array([5, 1]), array([1, 5]), array([6, 6]), array([4, 5]), array([2, 2]), array([7, 3]), array([1, 6]), array([2, 5]), array([1, 7]), array([4, 1]), array([1, 7]), array([6, 7]), array([2, 2]), array([2, 6]), array([1, 5]), array([3, 2]), array([2, 7]), array([7, 1]), array([4, 0]), array([4, 3]), array([5, 4]), array([7, 5]), array([1, 1]), array([1, 7]), array([4, 1]), array([3, 2]), array([1, 6]), array([5, 4]), array([4, 3]), array([7, 2]), array([6, 2]), array([1, 7]), array([3, 2]), array([2, 2]), array([4, 1]), array([0, 5]), array([1, 5]), array([7, 1]), array([0, 6]), array([4, 4]), array([0, 5]), array([0, 4]), array([6, 3]), array([3, 5]), array([0, 7]), array([3, 5]), array([3, 2]), array([6, 4]), array([1, 7]), array([7, 0]), array([4, 4]), array([0, 5]), array([6, 4]), array([6, 4]), array([3, 4]), array([5, 4]), array([2, 4]), array([5, 3]), array([5, 0]), array([0, 5]), array([5, 1]), array([2, 2]), array([0, 0]), array([7, 1]), array([1, 7]), array([0, 3]), array([4, 3]), array([3, 7]), array([4, 0]), array([3, 4]), array([0, 2]), array([5, 6]), array([3, 3]), array([2, 5]), array([1, 1]), array([3, 2]), array([6, 7]), array([7, 4]), array([4, 1]), array([1, 3]), array([1, 4]), array([7, 4]), array([4, 0]), array([6, 3]), array([5, 4]), array([2, 2]), array([4, 4]), array([1, 6]), array([5, 1]), array([3, 4]), array([5, 4]), array([7, 1]), array([5, 1]), array([2, 5]), array([5, 1]), array([6, 3]), array([4, 4]), array([0, 7]), array([1, 1]), array([2, 0]), array([3, 4]), array([6, 6]), array([2, 2]), array([5, 4]), array([3, 5]), array([1, 1]), array([7, 0]), array([1, 1]), array([5, 1]), array([7, 2]), array([6, 2]), array([0, 7]), array([1, 4]), array([2, 2]), array([2, 4]), array([5, 4]), array([4, 4]), array([6, 3]), array([6, 6]), array([3, 5]), array([1, 5]), array([7, 5]), array([3, 4]), array([4, 4]), array([1, 5]), array([5, 4]), array([7, 1]), array([6, 6]), array([5, 4]), array([3, 4]), array([2, 0]), array([4, 3]), array([1, 1]), array([4, 4]), array([7, 1]), array([3, 3]), array([2, 2]), array([7, 1]), array([0, 0]), array([2, 2]), array([7, 1]), array([0, 3]), array([7, 1]), array([0, 7]), array([7, 1]), array([6, 4]), array([5, 3]), array([3, 2]), array([0, 5]), array([7, 4]), array([0, 4]), array([2, 0]), array([7, 2]), array([3, 2]), array([0, 3]), array([2, 2]), array([4, 3]), array([3, 4]), array([5, 1]), array([5, 6]), array([7, 1]), array([1, 4]), array([0, 3]), array([2, 4]), array([0, 3]), array([6, 4]), array([3, 6]), array([0, 7]), array([7, 2]), array([5, 0]), array([4, 7]), array([3, 2]), array([4, 4]), array([0, 5]), array([3, 5]), array([7, 0]), array([2, 6]), array([0, 4]), array([3, 2]), array([1, 7]), array([3, 2]), array([2, 2]), array([0, 3]), array([7, 4]), array([3, 2]), array([1, 4]), array([2, 0]), array([2, 5]), array([0, 3]), array([1, 1]), array([7, 1]), array([3, 7]), array([2, 2]), array([4, 5]), array([0, 2]), array([5, 0]), array([0, 4]), array([0, 3]), array([7, 4]), array([3, 7]), array([4, 4]), array([5, 4]), array([1, 1]), array([5, 4]), array([1, 1]), array([7, 1]), array([5, 3]), array([3, 2]), array([3, 2]), array([6, 6]), array([7, 0]), array([5, 3]), array([3, 7]), array([4, 1]), array([0, 5]), array([2, 6]), array([3, 6]), array([3, 4]), array([7, 5]), array([0, 0]), array([1, 1]), array([5, 3]), array([4, 4]), array([0, 4]), array([0, 4]), array([0, 7]), array([3, 5]), array([4, 7]), array([2, 6]), array([6, 6]), array([6, 6]), array([2, 2]), array([0, 3]), array([4, 7]), array([2, 2]), array([7, 2]), array([3, 5]), array([0, 5]), array([6, 4]), array([1, 7]), array([6, 4]), array([2, 5]), array([1, 7]), array([2, 0]), array([0, 0]), array([0, 3]), array([5, 1]), array([1, 1]), array([7, 1]), array([5, 4]), array([3, 5]), array([0, 5]), array([5, 4]), array([5, 3]), array([5, 3]), array([1, 3]), array([7, 2]), array([5, 1]), array([3, 4]), array([2, 5]), array([5, 3]), array([1, 5]), array([3, 0]), array([2, 3]), array([0, 4]), array([6, 4]), array([0, 7]), array([1, 7]), array([5, 6]), array([3, 2]), array([0, 5]), array([2, 6]), array([6, 4]), array([5, 3]), array([2, 2]), array([1, 4]), array([7, 4]), array([1, 7]), array([1, 4]), array([6, 6]), array([7, 5]), array([0, 2]), array([0, 3]), array([5, 6]), array([5, 3]), array([2, 4]), array([1, 1]), array([6, 6]), array([6, 6]), array([0, 7]), array([3, 3]), array([4, 4]), array([5, 6]), array([6, 7]), array([3, 2]), array([6, 2]), array([0, 0]), array([4, 7]), array([4, 4]), array([6, 4]), array([0, 2]), array([1, 7]), array([5, 6]), array([1, 1]), array([2, 7]), array([3, 2]), array([7, 5]), array([3, 5]), array([3, 2]), array([2, 0]), array([4, 5]), array([3, 7]), array([7, 1]), array([1, 5]), array([2, 2]), array([3, 5]), array([7, 2]), array([1, 6]), array([6, 4]), array([0, 0]), array([2, 5]), array([7, 1]), array([3, 5]), array([5, 6]), array([2, 6]), array([0, 4]), array([7, 1]), array([7, 5]), array([1, 5]), array([5, 1]), array([2, 2]), array([0, 7]), array([2, 2]), array([7, 2]), array([3, 2]), array([6, 2]), array([0, 2]), array([0, 5]), array([1, 1]), array([4, 4]), array([5, 0]), array([1, 6]), array([2, 6]), array([0, 7]), array([4, 4]), array([5, 6]), array([7, 2]), array([5, 1]), array([7, 1]), array([3, 2]), array([6, 7]), array([3, 2]), array([0, 7]), array([2, 2]), array([3, 2]), array([1, 6]), array([3, 2]), array([3, 4]), array([4, 3]), array([7, 0]), array([3, 2]), array([3, 3]), array([7, 0]), array([1, 1]), array([7, 0]), array([1, 6]), array([0, 7]), array([5, 4]), array([1, 5]), array([6, 7]), array([0, 5]), array([0, 4]), array([1, 1]), array([5, 4]), array([1, 5]), array([7, 1]), array([6, 6]), array([2, 4]), array([1, 7]), array([7, 4]), array([1, 6]), array([1, 7]), array([2, 3]), array([7, 4]), array([4, 1]), array([2, 2]), array([0, 3]), array([2, 0]), array([3, 2]), array([3, 2]), array([2, 2]), array([1, 5]), array([1, 7]), array([4, 4]), array([7, 2]), array([2, 4]), array([3, 5]), array([0, 0]), array([0, 4]), array([2, 3]), array([2, 0]), array([1, 1]), array([2, 2]), array([2, 0]), array([0, 5]), array([0, 5]), array([0, 0]), array([0, 7]), array([6, 3]), array([0, 5]), array([5, 6]), array([2, 0]), array([3, 4]), array([6, 7]), array([6, 6]), array([0, 5]), array([4, 4]), array([6, 4]), array([5, 6]), array([1, 3]), array([3, 7]), array([1, 6]), array([7, 1]), array([2, 2]), array([2, 4]), array([1, 5]), array([1, 1]), array([6, 6]), array([3, 5]), array([6, 4]), array([1, 7]), array([7, 1]), array([7, 5]), array([2, 2]), array([1, 1]), array([1, 4]), array([0, 7]), array([5, 6]), array([1, 5]), array([6, 2]), array([7, 1]), array([0, 5]), array([2, 4]), array([6, 7]), array([7, 2]), array([5, 4]), array([2, 0]), array([2, 4]), array([5, 4]), array([4, 4]), array([6, 3]), array([2, 2]), array([7, 1]), array([4, 7]), array([7, 2]), array([3, 5]), array([7, 1]), array([1, 7]), array([3, 2]), array([5, 1]), array([4, 3]), array([3, 2]), array([7, 1]), array([3, 2]), array([1, 1]), array([6, 3]), array([4, 3]), array([7, 4]), array([0, 5]), array([2, 6]), array([6, 6]), array([0, 7]), array([2, 0]), array([3, 5]), array([7, 1]), array([1, 5]), array([0, 0]), array([5, 6]), array([7, 4]), array([0, 7]), array([7, 0]), array([1, 7]), array([4, 1]), array([1, 3]), array([2, 5]), array([2, 5]), array([1, 6]), array([3, 7]), array([4, 1]), array([1, 4]), array([2, 2]), array([7, 5]), array([2, 6]), array([3, 4]), array([3, 2]), array([5, 4]), array([6, 6]), array([7, 2]), array([6, 2]), array([7, 2]), array([5, 1]), array([7, 1]), array([2, 2]), array([3, 4]), array([5, 4]), array([6, 6]), array([4, 1]), array([5, 3]), array([6, 4]), array([5, 4]), array([5, 0]), array([0, 7]), array([4, 7]), array([3, 5]), array([4, 3]), array([6, 2]), array([2, 7]), array([1, 1]), array([5, 4]), array([6, 6]), array([0, 3]), array([7, 4]), array([0, 2]), array([3, 5]), array([5, 1]), array([4, 4]), array([2, 6]), array([5, 3]), array([0, 3]), array([0, 0]), array([5, 1]), array([4, 4]), array([1, 1]), array([1, 7]), array([5, 1]), array([5, 3]), array([3, 4]), array([7, 1]), array([2, 3]), array([2, 2]), array([7, 1]), array([5, 0]), array([6, 4]), array([0, 4]), array([3, 6]), array([2, 2]), array([1, 1]), array([7, 5]), array([6, 2]), array([2, 2]), array([5, 6]), array([4, 4]), array([7, 0]), array([1, 7]), array([2, 2]), array([6, 2]), array([5, 6]), array([6, 4]), array([0, 0]), array([1, 6]), array([6, 3]), array([2, 4]), array([3, 2]), array([0, 7]), array([5, 6]), array([5, 1]), array([0, 3]), array([5, 1]), array([7, 0]), array([7, 2]), array([5, 4]), array([2, 4]), array([6, 4]), array([7, 4]), array([5, 0]), array([0, 3]), array([6, 7]), array([0, 5]), array([7, 1]), array([1, 7]), array([4, 4]), array([7, 1]), array([6, 7]), array([6, 4]), array([1, 1]), array([2, 4]), array([7, 2]), array([2, 3]), array([5, 6]), array([5, 4]), array([6, 6]), array([3, 2]), array([2, 6]), array([4, 1]), array([0, 5]), array([3, 0]), array([2, 2]), array([1, 1]), array([2, 0]), array([3, 4]), array([2, 6]), array([1, 1]), array([5, 3]), array([6, 6]), array([0, 5]), array([6, 6]), array([2, 2]), array([7, 4]), array([7, 1]), array([5, 3]), array([7, 4]), array([0, 0]), array([0, 3]), array([2, 2]), array([5, 3]), array([3, 2]), array([5, 0]), array([7, 1]), array([1, 7]), array([4, 4]), array([5, 6]), array([5, 1]), array([3, 2]), array([2, 2]), array([5, 1]), array([1, 7]), array([3, 3]), array([1, 7]), array([6, 6]), array([7, 1]), array([2, 6]), array([7, 1]), array([5, 6]), array([2, 4]), array([4, 4]), array([3, 2]), array([2, 2]), array([5, 6]), array([5, 4]), array([4, 4]), array([3, 7]), array([7, 1]), array([1, 1]), array([5, 0]), array([7, 1]), array([6, 7]), array([0, 3]), array([2, 7]), array([3, 2]), array([7, 1]), array([7, 0]), array([6, 6]), array([0, 5]), array([2, 2]), array([7, 1]), array([5, 1]), array([1, 5]), array([5, 1]), array([1, 1]), array([7, 1]), array([7, 4]), array([5, 1]), array([4, 5]), array([2, 6]), array([2, 2]), array([5, 6]), array([3, 5]), array([2, 0]), array([7, 1]), array([0, 5]), array([7, 4]), array([6, 4]), array([7, 1]), array([7, 1]), array([4, 4]), array([5, 0]), array([0, 3]), array([1, 4]), array([6, 4]), array([3, 4]), array([3, 7]), array([5, 3]), array([6, 4]), array([7, 4]), array([1, 7]), array([2, 2]), array([7, 1]), array([7, 1]), array([7, 5]), array([3, 5]), array([7, 2]), array([1, 3]), array([3, 2]), array([3, 7]), array([6, 4]), array([7, 5]), array([2, 2]), array([5, 1]), array([2, 0]), array([3, 7]), array([7, 1]), array([7, 0]), array([5, 1]), array([0, 5]), array([0, 3]), array([6, 6]), array([6, 4]), array([3, 2]), array([0, 3]), array([7, 1]), array([2, 5]), array([4, 4]), array([7, 0]), array([6, 6]), array([6, 6]), array([0, 0]), array([2, 4]), array([4, 4]), array([4, 1]), array([5, 6]), array([3, 2]), array([7, 2]), array([0, 7]), array([5, 1]), array([2, 2]), array([7, 1]), array([1, 5]), array([6, 7]), array([5, 6]), array([7, 5]), array([4, 4]), array([6, 6]), array([7, 0]), array([2, 4]), array([2, 5]), array([1, 4]), array([3, 5]), array([6, 3]), array([7, 1]), array([5, 6]), array([0, 7]), array([0, 5]), array([2, 2]), array([3, 2]), array([7, 5]), array([7, 1]), array([6, 6]), array([4, 5]), array([1, 6]), array([7, 2]), array([6, 4]), array([4, 3]), array([5, 0]), array([5, 3]), array([6, 7]), array([4, 3]), array([1, 7]), array([0, 0]), array([3, 3]), array([5, 6]), array([2, 4]), array([2, 2]), array([3, 5]), array([3, 4]), array([1, 7]), array([6, 4]), array([5, 1]), array([0, 5]), array([7, 5]), array([2, 6]), array([5, 4]), array([1, 4]), array([1, 1]), array([1, 7]), array([5, 0]), array([3, 7]), array([7, 0]), array([5, 3]), array([6, 4]), array([1, 5]), array([5, 3]), array([1, 7]), array([1, 1]), array([3, 6]), array([5, 1]), array([5, 1]), array([1, 1]), array([7, 1]), array([2, 7]), array([4, 5]), array([5, 1]), array([5, 1]), array([5, 5]), array([2, 2]), array([0, 5]), array([2, 2]), array([4, 4]), array([1, 7]), array([2, 0]), array([6, 3]), array([3, 2]), array([2, 0]), array([7, 4]), array([2, 0]), array([5, 6]), array([2, 2]), array([7, 2]), array([6, 6]), array([4, 3]), array([0, 4]), array([7, 1]), array([4, 4]), array([0, 3]), array([2, 2]), array([1, 7]), array([6, 2]), array([3, 5]), array([7, 1]), array([1, 1]), array([7, 0]), array([1, 6]), array([6, 3]), array([6, 7]), array([4, 1]), array([2, 5]), array([0, 3]), array([7, 1]), array([7, 1]), array([0, 3]), array([1, 1]), array([5, 1]), array([2, 5]), array([1, 1]), array([7, 1]), array([5, 1]), array([5, 6]), array([5, 4]), array([0, 5]), array([1, 1]), array([2, 0]), array([0, 6]), array([4, 0]), array([2, 5]), array([3, 2]), array([5, 1]), array([5, 3]), array([1, 7]), array([1, 5]), array([4, 1]), array([7, 1]), array([3, 2]), array([7, 5]), array([3, 3]), array([0, 0]), array([0, 4]), array([5, 3]), array([4, 1]), array([3, 2]), array([3, 2]), array([6, 6]), array([6, 4]), array([1, 5]), array([1, 1]), array([6, 4]), array([6, 4]), array([3, 2]), array([3, 7]), array([3, 2]), array([6, 4]), array([0, 3]), array([7, 1]), array([3, 4]), array([2, 0]), array([0, 2]), array([4, 7]), array([0, 4]), array([4, 4]), array([6, 6]), array([2, 4]), array([3, 5]), array([2, 0]), array([7, 4]), array([7, 1]), array([6, 3]), array([1, 4]), array([6, 4]), array([3, 2]), array([1, 7]), array([6, 4]), array([7, 0]), array([3, 4]), array([1, 1]), array([2, 6]), array([7, 4]), array([3, 4]), array([3, 2]), array([2, 2]), array([6, 6]), array([6, 4]), array([5, 4]), array([1, 1]), array([0, 0]), array([7, 1]), array([2, 2]), array([6, 6]), array([3, 7]), array([6, 4]), array([7, 1]), array([5, 1]), array([3, 5]), array([0, 5]), array([0, 5]), array([3, 4]), array([1, 1]), array([1, 1]), array([2, 6]), array([5, 6]), array([0, 7]), array([0, 3]), array([0, 5]), array([7, 5]), array([1, 3]), array([2, 2]), array([3, 2]), array([5, 1]), array([5, 3]), array([6, 7]), array([6, 6]), array([7, 5]), array([7, 1]), array([7, 5]), array([4, 5]), array([5, 6]), array([6, 7]), array([3, 2]), array([1, 7]), array([1, 1]), array([7, 1]), array([0, 3]), array([3, 5]), array([6, 6]), array([5, 6]), array([6, 7]), array([3, 6]), array([0, 3]), array([1, 7]), array([1, 1]), array([7, 1]), array([0, 3]), array([5, 1]), array([3, 2]), array([2, 5]), array([5, 6]), array([7, 0]), array([0, 2]), array([1, 3]), array([0, 4]), array([4, 3]), array([4, 3]), array([6, 2]), array([4, 3]), array([1, 1]), array([2, 5]), array([6, 2]), array([2, 2]), array([1, 1]), array([3, 0]), array([3, 2]), array([0, 3]), array([4, 4]), array([3, 6]), array([0, 7]), array([2, 2]), array([7, 1]), array([1, 6]), array([3, 5]), array([5, 6]), array([6, 4]), array([5, 1]), array([1, 3]), array([0, 3]), array([2, 1]), array([1, 5]), array([2, 6]), array([6, 6]), array([0, 5]), array([1, 1]), array([6, 4]), array([6, 4]), array([1, 7]), array([3, 7]), array([1, 7]), array([1, 7]), array([1, 3]), array([7, 1]), array([3, 4]), array([3, 2]), array([3, 2]), array([1, 7]), array([5, 1]), array([7, 1]), array([0, 3]), array([4, 4]), array([2, 3]), array([6, 6]), array([0, 6]), array([4, 4]), array([6, 7]), array([0, 3]), array([0, 2]), array([7, 1]), array([4, 4]), array([2, 4]), array([7, 2]), array([2, 5]), array([4, 1]), array([2, 2]), array([0, 3]), array([3, 2]), array([0, 0]), array([0, 3]), array([2, 4]), array([7, 0]), array([5, 4]), array([7, 5]), array([0, 6]), array([3, 2]), array([6, 2]), array([5, 6]), array([2, 6]), array([0, 4]), array([7, 1]), array([3, 5]), array([5, 1]), array([4, 4]), array([2, 5]), array([0, 4]), array([3, 2]), array([2, 0]), array([3, 2]), array([4, 3]), array([0, 5]), array([3, 5]), array([0, 7]), array([3, 4]), array([0, 6]), array([3, 5]), array([4, 3]), array([4, 0]), array([1, 4]), array([2, 4]), array([3, 7]), array([2, 5]), array([5, 6]), array([1, 7]), array([6, 7]), array([7, 4]), array([1, 4]), array([3, 2]), array([3, 2]), array([6, 2]), array([1, 1]), array([2, 2]), array([7, 4]), array([5, 6]), array([7, 1]), array([2, 5]), array([7, 1]), array([4, 1]), array([2, 3]), array([0, 7]), array([7, 4]), array([3, 2]), array([5, 1]), array([1, 1]), array([5, 6]), array([5, 3]), array([4, 4]), array([1, 3]), array([3, 7]), array([0, 0]), array([2, 2]), array([3, 6]), array([6, 7]), array([0, 7]), array([7, 0]), array([6, 6]), array([7, 1]), array([3, 5]), array([5, 4]), array([0, 5]), array([4, 4]), array([1, 7]), array([2, 2]), array([6, 6]), array([1, 7]), array([3, 0]), array([2, 0]), array([1, 6]), array([3, 5]), array([2, 2]), array([2, 5]), array([4, 3]), array([4, 3]), array([3, 7]), array([3, 5]), array([3, 5]), array([6, 4]), array([5, 6]), array([5, 6]), array([2, 2]), array([7, 5]), array([3, 2]), array([0, 4]), array([2, 0]), array([2, 1]), array([4, 4]), array([6, 4]), array([0, 3]), array([2, 0]), array([5, 1]), array([5, 6]), array([1, 7]), array([6, 4]), array([2, 5]), array([7, 1]), array([7, 1]), array([7, 2]), array([2, 2]), array([0, 4]), array([5, 6]), array([0, 7]), array([6, 6]), array([5, 6]), array([7, 1]), array([5, 6]), array([0, 5]), array([7, 1]), array([7, 0]), array([3, 2]), array([2, 6]), array([2, 5]), array([1, 6]), array([0, 5]), array([5, 4]), array([5, 1]), array([0, 5]), array([4, 5]), array([1, 5]), array([7, 4]), array([3, 7]), array([6, 6]), array([7, 1]), array([7, 4]), array([0, 0]), array([6, 4]), array([7, 2]), array([2, 2]), array([2, 0]), array([7, 1]), array([1, 1]), array([3, 5]), array([1, 7]), array([0, 4]), array([6, 4]), array([6, 4]), array([6, 2]), array([4, 3]), array([7, 5]), array([2, 6]), array([6, 7]), array([6, 6]), array([2, 2]), array([3, 4]), array([3, 4]), array([1, 7]), array([6, 4]), array([1, 1]), array([0, 6]), array([0, 3]), array([2, 6]), array([2, 6]), array([0, 7]), array([0, 7]), array([2, 5]), array([3, 5]), array([1, 1]), array([6, 4]), array([4, 4]), array([6, 6]), array([1, 7]), array([0, 2]), array([5, 6]), array([7, 2]), array([5, 4]), array([5, 3]), array([6, 4]), array([0, 3]), array([1, 7]), array([0, 0]), array([5, 1]), array([1, 7]), array([6, 4]), array([5, 1]), array([6, 6]), array([1, 1]), array([5, 1]), array([3, 2]), array([1, 1]), array([3, 5]), array([5, 1]), array([4, 4]), array([6, 4]), array([3, 5]), array([6, 6]), array([3, 6]), array([3, 7]), array([5, 1]), array([5, 1]), array([4, 4]), array([5, 6]), array([2, 7]), array([4, 5]), array([4, 0]), array([0, 4]), array([6, 6]), array([4, 1]), array([3, 2]), array([2, 5]), array([7, 4]), array([2, 2]), array([7, 1]), array([5, 6]), array([6, 6]), array([0, 3]), array([0, 4]), array([1, 7]), array([1, 6]), array([0, 7]), array([2, 7]), array([0, 5]), array([3, 4]), array([4, 4]), array([5, 1]), array([3, 2]), array([7, 1]), array([5, 4]), array([3, 2]), array([5, 0]), array([0, 3]), array([6, 7]), array([1, 1]), array([2, 2]), array([2, 7]), array([2, 5]), array([6, 6]), array([7, 1]), array([6, 4]), array([6, 3]), array([0, 3]), array([2, 4]), array([4, 3]), array([4, 5]), array([7, 2]), array([4, 4]), array([6, 4]), array([1, 1]), array([7, 1]), array([6, 4]), array([7, 1]), array([2, 4]), array([7, 0]), array([2, 2]), array([2, 3]), array([4, 0]), array([5, 6]), array([2, 6]), array([5, 4]), array([2, 2]), array([5, 6]), array([4, 5]), array([5, 4]), array([1, 5]), array([2, 2]), array([3, 0]), array([0, 7]), array([5, 6]), array([2, 0]), array([2, 0]), array([0, 5]), array([3, 3]), array([7, 5]), array([5, 6]), array([6, 2]), array([2, 5]), array([4, 0]), array([0, 3]), array([0, 7]), array([3, 2]), array([5, 1]), array([1, 2]), array([5, 0]), array([7, 4]), array([4, 3]), array([2, 2]), array([1, 6]), array([5, 3]), array([5, 0]), array([2, 2]), array([0, 3]), array([0, 5]), array([5, 3]), array([2, 6]), array([1, 7]), array([6, 3]), array([4, 7]), array([0, 0]), array([6, 2]), array([7, 0]), array([2, 4]), array([7, 5]), array([2, 6]), array([7, 1]), array([7, 1]), array([0, 2]), array([6, 7]), array([7, 1]), array([7, 1]), array([0, 3]), array([6, 7]), array([2, 0]), array([4, 5]), array([2, 2]), array([5, 0]), array([2, 5]), array([0, 7]), array([5, 6]), array([5, 4]), array([5, 6]), array([6, 6]), array([2, 2]), array([0, 0]), array([5, 1]), array([0, 2]), array([7, 2]), array([4, 4]), array([3, 4]), array([5, 3]), array([0, 3]), array([1, 1]), array([6, 6]), array([5, 0]), array([3, 7]), array([0, 5]), array([7, 4]), array([6, 4]), array([1, 5]), array([5, 6]), array([6, 7]), array([0, 5]), array([2, 2]), array([1, 7]), array([3, 2]), array([6, 6]), array([3, 4]), array([3, 2]), array([3, 6]), array([5, 0]), array([1, 6]), array([1, 5]), array([3, 4]), array([7, 1]), array([2, 6]), array([4, 1]), array([4, 4]), array([1, 1]), array([3, 4]), array([4, 1]), array([2, 6]), array([7, 5]), array([5, 4]), array([0, 5]), array([3, 2]), array([3, 4]), array([3, 2]), array([0, 5]), array([3, 5]), array([5, 6]), array([0, 6]), array([2, 2]), array([2, 4]), array([7, 1]), array([4, 7]), array([1, 1]), array([5, 4]), array([3, 5]), array([0, 7]), array([0, 2]), array([7, 0]), array([4, 4]), array([1, 7]), array([3, 5]), array([2, 2]), array([0, 5]), array([2, 6]), array([2, 5]), array([3, 7]), array([6, 3]), array([4, 4]), array([7, 2]), array([6, 3]), array([3, 5]), array([5, 4]), array([1, 1]), array([7, 1]), array([6, 4]), array([7, 4]), array([2, 2]), array([7, 3]), array([2, 2]), array([0, 3]), array([3, 7]), array([1, 1]), array([5, 3]), array([7, 2]), array([5, 0]), array([0, 3]), array([3, 2]), array([4, 3]), array([2, 2]), array([2, 7]), array([1, 4]), array([5, 6]), array([7, 1]), array([3, 2]), array([4, 1]), array([1, 4]), array([1, 1]), array([5, 6]), array([7, 1]), array([6, 7]), array([5, 4]), array([3, 5]), array([3, 5]), array([2, 2]), array([0, 3]), array([2, 4]), array([5, 6]), array([3, 5]), array([3, 2]), array([2, 5]), array([5, 3]), array([6, 4]), array([0, 5]), array([3, 2]), array([6, 6]), array([3, 2]), array([6, 6]), array([3, 6]), array([4, 3]), array([1, 7]), array([4, 3]), array([6, 2]), array([3, 7]), array([2, 2]), array([7, 0]), array([2, 5]), array([3, 2]), array([0, 0]), array([6, 4]), array([6, 4]), array([3, 5]), array([0, 4]), array([6, 4]), array([6, 2]), array([3, 2]), array([5, 1]), array([4, 4]), array([4, 1]), array([7, 1]), array([3, 5]), array([4, 4]), array([3, 2]), array([2, 2]), array([3, 7]), array([4, 1]), array([7, 2]), array([0, 3]), array([0, 5]), array([0, 3]), array([6, 3]), array([3, 6]), array([7, 0]), array([7, 1]), array([5, 4]), array([3, 7]), array([6, 4]), array([5, 3]), array([4, 1]), array([3, 2]), array([5, 4]), array([3, 2]), array([2, 0]), array([6, 2]), array([2, 5]), array([5, 4]), array([1, 1]), array([7, 5]), array([4, 3]), array([7, 0]), array([5, 1]), array([1, 1]), array([3, 2]), array([0, 7]), array([3, 2]), array([1, 5]), array([0, 5]), array([4, 5]), array([5, 6]), array([4, 1]), array([4, 3]), array([6, 6]), array([5, 6]), array([3, 3]), array([2, 4]), array([1, 6]), array([7, 5]), array([5, 3]), array([5, 4]), array([3, 7]), array([7, 0]), array([3, 2]), array([7, 2]), array([0, 7]), array([1, 1]), array([5, 6]), array([6, 7]), array([2, 0]), array([3, 6]), array([3, 2]), array([0, 2]), array([6, 6]), array([3, 4]), array([5, 6]), array([5, 1]), array([6, 6]), array([5, 6]), array([2, 2]), array([7, 5]), array([1, 6]), array([0, 3]), array([2, 2]), array([7, 1]), array([1, 1]), array([1, 4]), array([2, 0]), array([1, 7]), array([4, 1]), array([2, 6]), array([0, 2]), array([5, 1]), array([3, 2]), array([5, 4]), array([6, 3]), array([3, 6]), array([6, 6]), array([3, 2]), array([0, 6]), array([4, 4]), array([6, 6]), array([3, 2]), array([3, 5]), array([7, 5]), array([7, 1]), array([4, 4]), array([5, 4]), array([3, 5]), array([1, 7]), array([3, 5]), array([7, 1]), array([6, 6]), array([3, 4]), array([4, 0]), array([3, 2]), array([4, 3]), array([2, 2]), array([7, 1]), array([3, 7]), array([2, 2]), array([4, 4]), array([4, 4]), array([0, 3]), array([3, 5]), array([1, 6]), array([2, 4]), array([1, 7]), array([2, 2]), array([2, 2]), array([0, 4]), array([6, 3]), array([2, 0]), array([5, 1]), array([0, 5]), array([3, 5]), array([3, 2]), array([0, 0]), array([0, 0]), array([4, 0]), array([6, 4]), array([2, 0]), array([6, 6]), array([1, 1]), array([2, 2]), array([5, 6]), array([1, 1]), array([1, 7]), array([2, 5]), array([2, 2]), array([3, 7]), array([6, 6]), array([1, 5]), array([4, 5]), array([5, 3]), array([7, 1]), array([1, 6]), array([7, 2]), array([6, 6]), array([1, 1]), array([4, 4]), array([2, 0]), array([6, 3]), array([3, 7]), array([3, 5]), array([5, 4]), array([4, 4]), array([3, 4]), array([3, 5]), array([3, 3]), array([4, 0]), array([0, 4]), array([0, 6]), array([5, 1]), array([0, 4]), array([6, 6]), array([7, 5]), array([4, 0]), array([0, 7]), array([3, 5]), array([4, 1]), array([7, 5]), array([2, 2]), array([1, 1]), array([2, 6]), array([7, 2]), array([0, 3]), array([5, 3]), array([5, 4]), array([1, 1]), array([1, 1]), array([0, 3]), array([2, 7]), array([7, 0]), array([0, 4]), array([4, 3]), array([5, 0]), array([0, 3]), array([6, 4]), array([7, 1]), array([4, 1]), array([7, 1]), array([3, 4]), array([3, 6]), array([2, 2]), array([1, 3]), array([6, 6]), array([3, 7]), array([6, 2]), array([5, 3]), array([6, 2]), array([6, 7]), array([5, 0]), array([1, 7]), array([6, 4]), array([5, 6]), array([0, 4]), array([0, 7]), array([5, 4]), array([5, 1]), array([4, 4]), array([7, 1]), array([5, 4])]
m1 = 8
n1 = 8
qe = 1.0539996707268546
te = 0.10593374590462322
dur = 123.39725089073181
